  0.98170043945312691     
  0.98170127685302855     
  0.98170212632960541     
  0.98170298773639741     
  0.98170386093188378     
  0.98170474577875855     
  0.98170564214333156     
  0.98170654989507733     
  0.98170746890618843     
  0.98170839905127871     
  0.98170934020709166     
  0.98171029225229400     
  0.98171125506729584     
  0.98171222853407880     
  0.98171321253608290     
  0.98171420695811762     
  0.98171521168627118     
  0.98171622660783597     
  0.98171725161124801     
  0.98171828658607674     
  0.98171933142294665     
  0.98172038601353651     
  0.98172145025052748     
  0.98172252402761395     
  0.98172360723944696     
  0.98172469978166466     
  0.98172580155084888     
  0.98172691244452914     
  0.98172803236117034     
  0.98172916120016585     
  0.98173029886182028     
  0.98173144524738376     
  0.98173260025897668     
  0.98173376379966659     
  0.98173493577339632     
  0.98173611608500866     
  0.98173730464025644     
  0.98173850134576579     
  0.98173970610906047     
  0.98174091883852710     
  0.98174213944344246     
  0.98174336783396632     
  0.98174460392110319     
  0.98174584761673045     
  0.98174709883358713     
  0.98174835748527267     
  0.98174962348621719     
  0.98175089675171978     
  0.98175217719789976     
  0.98175346474172442     
  0.98175475930097700     
  0.98175606079427824     
  0.98175736914106537     
  0.98175868426158774     
  0.98176000607688885     
  0.98176133450884884     
  0.98176266948010338     
  0.98176401091412846     
  0.98176535873514381     
  0.98176671286817119     
  0.98176807323898763     
  0.98176943977416897     
  0.98177081240103681     
  0.98177219104766078     
  0.98177357564289236     
  0.98177496611628867     
  0.98177636239818478     
  0.98177776441962861     
  0.98177917211239585     
  0.98178058540898561     
  0.98178200424262640     
  0.98178342854724820     
  0.98178485825748629     
  0.98178629330865042     
  0.98178773363679905     
  0.98178917917862529     
  0.98179062987152921     
  0.98179208565358578     
  0.98179354646351946     
  0.98179501224074639     
  0.98179648292532562     
  0.98179795845795836     
  0.98179943878002274     
  0.98180092383349693     
  0.98180241356103393     
  0.98180390790588878     
  0.98180540681195350     
  0.98180691022373179     
  0.98180841808633590     
  0.98180993034550090     
  0.98181144694754907     
  0.98181296783939909     
  0.98181449296857182     
  0.98181602228314457     
  0.98181755573181817     
  0.98181909326381445     
  0.98182063482897275     
  0.98182218037767544     
  0.98182372986084776     
  0.98182528322998397     
  0.98182684043713242     
  0.98182840143487127     
  0.98182996617630702     
  0.98183153461508732     
  0.98183310670541091     
  0.98183468240195337     
  0.98183626165992577     
  0.98183784443506561     
  0.98183943068360002     
  0.98184102036225329     
  0.98184261342826151     
  0.98184420983933163     
  0.98184580955369227     
  0.98184741253000973     
  0.98184901872745434     
  0.98185062810567403     
  0.98185224062475895     
  0.98185385624528054     
  0.98185547492826497     
  0.98185709663518961     
  0.98185872132797469     
  0.98186034896900987     
  0.98186197952109655     
  0.98186361294747415     
  0.98186524921183460     
  0.98186688827826829     
  0.98186853011131259     
  0.98187017467589488     
  0.98187182193739042     
  0.98187347186154716     
  0.98187512441455282     
  0.98187677956296093     
  0.98187843727374780     
  0.98188009751427341     
  0.98188176025229013     
  0.98188342545592200     
  0.98188509309367311     
  0.98188676313444567     
  0.98188843554748528     
  0.98189011030243245     
  0.98189178736926763     
  0.98189346671834932     
  0.98189514832038327     
  0.98189683214641665     
  0.98189851816788087     
  0.98190020635651321     
  0.98190189668441508     
  0.98190358912401055     
  0.98190528364807694     
  0.98190698022970280     
  0.98190867884231781     
  0.98191037945965798     
  0.98191208205579461     
  0.98191378660511275     
  0.98191549308229342     
  0.98191720146235784     
  0.98191891172060697     
  0.98192062383264300     
  0.98192233777438553     
  0.98192405352202494     
  0.98192577105209300     
  0.98192749034134974     
  0.98192921136687128     
  0.98193093410601995     
  0.98193265853642053     
  0.98193438463600047     
  0.98193611238292744     
  0.98193784175565724     
  0.98193957273292409     
  0.98194130529371026     
  0.98194303941725858     
  0.98194477508307854     
  0.98194651227092400     
  0.98194825096081439     
  0.98194999113301262     
  0.98195173276802139     
  0.98195347584660952     
  0.98195522034974814     
  0.98195696625868145     
  0.98195871355486775     
  0.98196046222001998     
  0.98196221223605873     
  0.98196396358513827     
  0.98196571624965101     
  0.98196747021220021     
  0.98196922545560372     
  0.98197098196290378     
  0.98197273971735277     
  0.98197449870242559     
  0.98197625890179352     
  0.98197802029933834     
  0.98197978287915300     
  0.98198154662552173     
  0.98198331152294038     
  0.98198507755609643     
  0.98198684470987385     
  0.98198861296934381     
  0.98199038231977431     
  0.98199215274661744     
  0.98199392423551224     
  0.98199569677229448     
  0.98199747034295193     
  0.98199924493368917     
  0.98200102053084393     
  0.98200279712098648     
  0.98200457469079661     
  0.98200635322718011     
  0.98200813271717380     
  0.98200991314799435     
  0.98201169450703241     
  0.98201347678183071     
  0.98201525996009231     
  0.98201704402969092     
  0.98201882897864390     
  0.98202061479512104     
  0.98202240146746345     
  0.98202418898415123     
  0.98202597733381669     
  0.98202776650523593     
  0.98202955648734158     
  0.98203134726919605     
  0.98203313884001386     
  0.98203493118915675     
  0.98203672430609712     
  0.98203851818048682     
  0.98204031280207738     
  0.98204210816076876     
  0.98204390424658861     
  0.98204570104969968     
  0.98204749856039575     
  0.98204929676908514     
  0.98205109566633231     
  0.98205289524278272     
  0.98205469548923452     
  0.98205649639660475     
  0.98205829795591648     
  0.98206010015831724     
  0.98206190299507734     
  0.98206370645758645     
  0.98206551053732483     
  0.98206731522590263     
  0.98206912051504303     
  0.98207092639657434     
  0.98207273286243180     
  0.98207453990465021     
  0.98207634751538764     
  0.98207815568688683     
  0.98207996441152567     
  0.98208177368172356     
  0.98208358349007618     
  0.98208539382920923     
  0.98208720469189048     
  0.98208901607097177     
  0.98209082795940406     
  0.98209264035021027     
  0.98209445323652877     
  0.98209626661158089     
  0.98209808046869673     
  0.98209989480126803     
  0.98210170960278953     
  0.98210352486683683     
  0.98210534058708421     
  0.98210715675727644     
  0.98210897337123737     
  0.98211079042289795     
  0.98211260790625599     
  0.98211442581539088     
  0.98211624414444598     
  0.98211806288767656     
  0.98211988203939038     
  0.98212170159397094     
  0.98212352154590243     
  0.98212534188971745     
  0.98212716262002819     
  0.98212898373151269     
  0.98213080521895446     
  0.98213262707716031     
  0.98213444930104854     
  0.98213627188557162     
  0.98213809482577841     
  0.98213991811676604     
  0.98214174175371993     
  0.98214356573185313     
  0.98214539004648604     
  0.98214721469296651     
  0.98214903966673228     
  0.98215086496326198     
  0.98215269057812737     
  0.98215451650691799     
  0.98215634274531316     
  0.98215816928903921     
  0.98215999613388516     
  0.98216182327569346     
  0.98216365071038314     
  0.98216547843387936     
  0.98216730644222117     
  0.98216913473146983     
  0.98217096329773357     
  0.98217279213720465     
  0.98217462124609545     
  0.98217645062069248     
  0.98217828025732701     
  0.98218011015235063     
  0.98218194030223005     
  0.98218377070342444     
  0.98218560135244459     
  0.98218743224588545     
  0.98218926338036561     
  0.98219109475254696     
  0.98219292635913225     
  0.98219475819688595     
  0.98219659026261996     
  0.98219842255315615     
  0.98220025506541553     
  0.98220208779630436     
  0.98220392074280971     
  0.98220575390194143     
  0.98220758727075341     
  0.98220942084635177     
  0.98221125462587111     
  0.98221308860648227     
  0.98221492278541456     
  0.98221675715990919     
  0.98221859172726855     
  0.98222042648480856     
  0.98222226142991098     
  0.98222409655996779     
  0.98222593187241547     
  0.98222776736474116     
  0.98222960303445284     
  0.98223143887908149     
  0.98223327489620771     
  0.98223511108345496     
  0.98223694743845680     
  0.98223878395888320     
  0.98224062064245776     
  0.98224245748691397     
  0.98224429449003037     
  0.98224613164960350     
  0.98224796896346922     
  0.98224980642949189     
  0.98225164404555787     
  0.98225348180959493     
  0.98225531971956814     
  0.98225715777342903     
  0.98225899596921140     
  0.98226083430493805     
  0.98226267277867185     
  0.98226451138851623     
  0.98226635013257191     
  0.98226818900897683     
  0.98227002801591523     
  0.98227186715159143     
  0.98227370641419365     
  0.98227554580198895     
  0.98227738531324149     
  0.98227922494623754     
  0.98228106469931065     
  0.98228290457077960     
  0.98228474455902159     
  0.98228658466241459     
  0.98228842487937973     
  0.98229026520833074     
  0.98229210564774294     
  0.98229394619607013     
  0.98229578685181496     
  0.98229762761349826     
  0.98229946847965599     
  0.98230130944884642     
  0.98230315051964689     
  0.98230499169066388     
  0.98230683296050203     
  0.98230867432781510     
  0.98231051579122985     
  0.98231235734945277     
  0.98231419900116457     
  0.98231604074508472     
  0.98231788257992714     
  0.98231972450445948     
  0.98232156651743330     
  0.98232340861763978     
  0.98232525080386668     
  0.98232709307494936     
  0.98232893542970334     
  0.98233077786699430     
  0.98233262038567437     
  0.98233446298464389     
  0.98233630566277452     
  0.98233814841900935     
  0.98233999125224125     
  0.98234183416144738     
  0.98234367714556858     
  0.98234552020357935     
  0.98234736333446593     
  0.98234920653724100     
  0.98235104981091681     
  0.98235289315450591     
  0.98235473656706584     
  0.98235658004765380     
  0.98235842359534220     
  0.98236026720920389     
  0.98236211088833869     
  0.98236395463185577     
  0.98236579843888872     
  0.98236764230854656     
  0.98236948623999987     
  0.98237133023238621     
  0.98237317428488968     
  0.98237501839667851     
  0.98237686256695267     
  0.98237870679492600     
  0.98238055107979672     
  0.98238239542080952     
  0.98238423981717893     
  0.98238608426816643     
  0.98238792877304359     
  0.98238977333105326     
  0.98239161794149066     
  0.98239346260364813     
  0.98239530731682001     
  0.98239715208030620     
  0.98239899689344101     
  0.98240084175554820     
  0.98240268666596575     
  0.98240453162404573     
  0.98240637662913477     
  0.98240822168060660     
  0.98241006677783349     
  0.98241191192019450     
  0.98241375710709034     
  0.98241560233792169     
  0.98241744761209049     
  0.98241929292902186     
  0.98242113828813327     
  0.98242298368887615     
  0.98242482913066365     
  0.98242667461296806     
  0.98242852013524584     
  0.98243036569695752     
  0.98243221129757063     
  0.98243405693655872     
  0.98243590261343350     
  0.98243774832767505     
  0.98243959407878667     
  0.98244143986626986     
  0.98244328568965544     
  0.98244513154845492     
  0.98244697744220355     
  0.98244882337042694     
  0.98245066933267922     
  0.98245251532848654     
  0.98245436135744635     
  0.98245620741908346     
  0.98245805351297288     
  0.98245989963869906     
  0.98246174579583045     
  0.98246359198395627     
  0.98246543820267929     
  0.98246728445156473     
  0.98246913073024689     
  0.98247097703832742     
  0.98247282337541209     
  0.98247466974112119     
  0.98247651613508291     
  0.98247836255692522     
  0.98248020900627941     
  0.98248205548279333     
  0.98248390198610969     
  0.98248574851586989     
  0.98248759507173922     
  0.98248944165337349     
  0.98249128826042642     
  0.98249313489258994     
  0.98249498154952097     
  0.98249682823091156     
  0.98249867493642740     
  0.98250052166575808     
  0.98250236841861593     
  0.98250421519466447     
  0.98250606199362800     
  0.98250790881520644     
  0.98250975565909726     
  0.98251160252503311     
  0.98251344941271068     
  0.98251529632185186     
  0.98251714325218176     
  0.98251899020345146     
  0.98252083717536653     
  0.98252268416767075     
  0.98252453118010019     
  0.98252637821240074     
  0.98252822526432082     
  0.98253007233560352     
  0.98253191942600593     
  0.98253376653528723     
  0.98253561366321218     
  0.98253746080952198     
  0.98253930797400979     
  0.98254115515642870     
  0.98254300235655301     
  0.98254484957417076     
  0.98254669680904727     
  0.98254854406096970     
  0.98255039132972199     
  0.98255223861509333     
  0.98255408591687476     
  0.98255593323487200     
  0.98255778056886200     
  0.98255962791864881     
  0.98256147528403570     
  0.98256332266483437     
  0.98256517006085009     
  0.98256701747187647     
  0.98256886489775763     
  0.98257071233829107     
  0.98257255979328195     
  0.98257440726256973     
  0.98257625474597154     
  0.98257810224330211     
  0.98257994975440444     
  0.98258179727909967     
  0.98258364481722527     
  0.98258549236861048     
  0.98258733993308689     
  0.98258918751050095     
  0.98259103510069645     
  0.98259288270350764     
  0.98259473031878430     
  0.98259657794637401     
  0.98259842558611943     
  0.98260027323787902     
  0.98260212090150223     
  0.98260396857684207     
  0.98260581626375909     
  0.98260766396211818     
  0.98260951167176303     
  0.98261135939257072     
  0.98261320712440103     
  0.98261505486713330     
  0.98261690262060175     
  0.98261875038470359     
  0.98262059815930403     
  0.98262244594427761     
  0.98262429373949101     
  0.98262614154482752     
  0.98262798936016871     
  0.98262983718537433     
  0.98263168502035836     
  0.98263353286497568     
  0.98263538071911449     
  0.98263722858266767     
  0.98263907645551851     
  0.98264092433756556     
  0.98264277222868646     
  0.98264462012876819     
  0.98264646803771716     
  0.98264831595541346     
  0.98265016388176674     
  0.98265201181666451     
  0.98265385976000896     
  0.98265570771170063     
  0.98265755567163116     
  0.98265940363971060     
  0.98266125161584994     
  0.98266309959992948     
  0.98266494759187373     
  0.98266679559158543     
  0.98266864359896899     
  0.98267049161393649     
  0.98267233963639133     
  0.98267418766625236     
  0.98267603570343121     
  0.98267788374784293     
  0.98267973179939261     
  0.98268157985800442     
  0.98268342792359575     
  0.98268527599607070     
  0.98268712407536574     
  0.98268897216138829     
  0.98269082025405319     
  0.98269266835330327     
  0.98269451645905115     
  0.98269636457121501     
  0.98269821268971869     
  0.98270006081447792     
  0.98270190894544995     
  0.98270375708253088     
  0.98270560522566341     
  0.98270745337477827     
  0.98270930152978553     
  0.98271114969064333     
  0.98271299785725963     
  0.98271484602957704     
  0.98271669420752494     
  0.98271854239104439     
  0.98272039058005756     
  0.98272223877449894     
  0.98272408697432023     
  0.98272593517944218     
  0.98272778338980515     
  0.98272963160535431     
  0.98273147982602294     
  0.98273332805174463     
  0.98273517628246387     
  0.98273702451812139     
  0.98273887275867045     
  0.98274072100403620     
  0.98274256925415915     
  0.98274441750900154     
  0.98274626576847912     
  0.98274811403255913     
  0.98274996230118250     
  0.98275181057429295     
  0.98275365885183341     
  0.98275550713374882     
  0.98275735542000031     
  0.98275920371051140     
  0.98276105200525521     
  0.98276290030416924     
  0.98276474860720331     
  0.98276659691431201     
  0.98276844522543783     
  0.98277029354053969     
  0.98277214185955974     
  0.98277399018245526     
  0.98277583850918504     
  0.98277768683968936     
  0.98277953517394157     
  0.98278138351187105     
  0.98278323185344263     
  0.98278508019861843     
  0.98278692854735294     
  0.98278877689959332     
  0.98279062525529703     
  0.98279247361442645     
  0.98279432197693628     
  0.98279617034278199     
  0.98279801871191952     
  0.98279986708431577     
  0.98280171545991812     
  0.98280356383869960     
  0.98280541222061002     
  0.98280726060561019     
  0.98280910899365859     
  0.98281095738472124     
  0.98281280577876395     
  0.98281465417572889     
  0.98281650257560116     
  0.98281835097833092     
  0.98282019938387977     
  0.98282204779220783     
  0.98282389620329558     
  0.98282574461707295     
  0.98282759303354816     
  0.98282944145264550     
  0.98283128987435386     
  0.98283313829863062     
  0.98283498672543612     
  0.98283683515474263     
  0.98283868358651316     
  0.98284053202071220     
  0.98284238045731198     
  0.98284422889627276     
  0.98284607733757223     
  0.98284792578116176     
  0.98284977422701425     
  0.98285162267510651     
  0.98285347112539379     
  0.98285531957785266     
  0.98285716803244383     
  0.98285901648915952     
  0.98286086494793790     
  0.98286271340876052     
  0.98286456187159665     
  0.98286641033642819     
  0.98286825880320861     
  0.98287010727191482     
  0.98287195574252151     
  0.98287380421498727     
  0.98287565268930233     
  0.98287750116541550     
  0.98287934964331403     
  0.98288119812297248     
  0.98288304660435244     
  0.98288489508741839     
  0.98288674357216654     
  0.98288859205855517     
  0.98289044054656027     
  0.98289228903614523     
  0.98289413752729915     
  0.98289598601999062     
  0.98289783451418244     
  0.98289968300985786     
  0.98290153150700244     
  0.98290338000557009     
  0.98290522850554485     
  0.98290707700690549     
  0.98290892550961562     
  0.98291077401365790     
  0.98291262251900469     
  0.98291447102563334     
  0.98291631953352465     
  0.98291816804263477     
  0.98292001655296413     
  0.98292186506448476     
  0.98292371357715391     
  0.98292556209096282     
  0.98292741060589739     
  0.98292925912191753     
  0.98293110763900415     
  0.98293295615713538     
  0.98293480467629435     
  0.98293665319645385     
  0.98293850171759301     
  0.98294035023968618     
  0.98294219876271383     
  0.98294404728665519     
  0.98294589581148628     
  0.98294774433719112     
  0.98294959286373651     
  0.98295144139111212     
  0.98295328991929787     
  0.98295513844826843     
  0.98295698697799017     
  0.98295883550847163     
  0.98296068403967163     
  0.98296253257157007     
  0.98296438110415163     
  0.98296622963740032     
  0.98296807817129006     
  0.98296992670579986     
  0.98297177524091184     
  0.98297362377661823     
  0.98297547231287774     
  0.98297732084968792     
  0.98297916938701857     
  0.98298101792485049     
  0.98298286646318223     
  0.98298471500198314     
  0.98298656354122915     
  0.98298841208091203     
  0.98299026062100847     
  0.98299210916150137     
  0.98299395770237219     
  0.98299580624359462     
  0.98299765478516932     
  0.98299950332707065     
  0.98300135186927284     
  0.98300320041175648     
  0.98300504895452834     
  0.98300689749754810     
  0.98300874604080768     
  0.98301059458427309     
  0.98301244312795433     
  0.98301429167182419     
  0.98301614021585992     
  0.98301798876005830     
  0.98301983730438236     
  0.98302168584883798     
  0.98302353439339163     
  0.98302538293804187     
  0.98302723148275395     
  0.98302908002752987     
  0.98303092857234597     
  0.98303277711719683     
  0.98303462566204691     
  0.98303647420689100     
  0.98303832275172254     
  0.98304017129651611     
  0.98304201984125816     
  0.98304386838593538     
  0.98304571693052945     
  0.98304756547502758     
  0.98304941401942469     
  0.98305126256369380     
  0.98305311110782145     
  0.98305495965179501     
  0.98305680819560604     
  0.98305865673923598     
  0.98306050528266709     
  0.98306235382589335     
  0.98306420236888237     
  0.98306605091164911     
  0.98306789945416906     
  0.98306974799641234     
  0.98307159653838783     
  0.98307344508006878     
  0.98307529362144752     
  0.98307714216250697     
  0.98307899070323412     
  0.98308083924362322     
  0.98308268778365970     
  0.98308453632332327     
  0.98308638486260524     
  0.98308823340150187     
  0.98309008193998826     
  0.98309193047805299     
  0.98309377901569017     
  0.98309562755288804     
  0.98309747608962195     
  0.98309932462589544     
  0.98310117316169343     
  0.98310302169701025     
  0.98310487023181170     
  0.98310671876611200     
  0.98310856729987772     
  0.98311041583310932     
  0.98311226436579746     
  0.98311411289792394     
  0.98311596142949464     
  0.98311780996047393     
  0.98311965849087246     
  0.98312150702066392     
  0.98312335554984132     
  0.98312520407839465     
  0.98312705260631938     
  0.98312890113360418     
  0.98313074966022829     
  0.98313259818618870     
  0.98313444671147454     
  0.98313629523608626     
  0.98313814376000630     
  0.98313999228321280     
  0.98314184080571665     
  0.98314368932748442     
  0.98314553784852932     
  0.98314738636882981     
  0.98314923488838268     
  0.98315108340717794     
  0.98315293192520081     
  0.98315478044244786     
  0.98315662895889921     
  0.98315847747456597     
  0.98316032598942593     
  0.98316217450346388     
  0.98316402301669370     
  0.98316587152908475     
  0.98316772004064223     
  0.98316956855134785     
  0.98317141706119882     
  0.98317326557019058     
  0.98317511407831881     
  0.98317696258555598     
  0.98317881109191418     
  0.98318065959737322     
  0.98318250810193364     
  0.98318435660558523     
  0.98318620510831878     
  0.98318805361012551     
  0.98318990211100332     
  0.98319175061094588     
  0.98319359910994808     
  0.98319544760798872     
  0.98319729610506967     
  0.98319914460118618     
  0.98320099309633779     
  0.98320284159050264     
  0.98320469008368472     
  0.98320653857587492     
  0.98320838706706792     
  0.98321023555725173     
  0.98321208404642313     
  0.98321393253458267     
  0.98321578102171714     
  0.98321762950782987     
  0.98321947799290765     
  0.98322132647693705     
  0.98322317495992995     
  0.98322502344186757     
  0.98322687192275071     
  0.98322872040257725     
  0.98323056888133398     
  0.98323241735901257     
  0.98323426583562135     
  0.98323611431115343     
  0.98323796278559061     
  0.98323981125894544     
  0.98324165973119515     
  0.98324350820234907     
  0.98324535667239821     
  0.98324720514135078     
  0.98324905360917603     
  0.98325090207588572     
  0.98325275054147510     
  0.98325459900593903     
  0.98325644746928187     
  0.98325829593148695     
  0.98326014439256104     
  0.98326199285248239     
  0.98326384131126798     
  0.98326568976891504     
  0.98326753822540003     
  0.98326938668074026     
  0.98327123513491077     
  0.98327308358792920     
  0.98327493203979299     
  0.98327678049049028     
  0.98327862894001228     
  0.98328047738836266     
  0.98328232583554853     
  0.98328417428154824     
  0.98328602272637955     
  0.98328787117002991     
  0.98328971961249401     
  0.98329156805377305     
  0.98329341649387403     
  0.98329526493278030     
  0.98329711337049752     
  0.98329896180702403     
  0.98330081024235916     
  0.98330265867648359     
  0.98330450710942396     
  0.98330635554116130     
  0.98330820397171170     
  0.98331005240105562     
  0.98331190082919551     
  0.98331374925612780     
  0.98331559768187038     
  0.98331744610639604     
  0.98331929452971945     
  0.98332114295184903     
  0.98332299137276657     
  0.98332483979246921     
  0.98332668821097391     
  0.98332853662827180     
  0.98333038504435422     
  0.98333223345923881     
  0.98333408187291693     
  0.98333593028537891     
  0.98333777869664041     
  0.98333962710669875     
  0.98334147551554252     
  0.98334332392318735     
  0.98334517232962348     
  0.98334702073484825     
  0.98334886913887842     
  0.98335071754170345     
  0.98335256594333098     
  0.98335441434375426     
  0.98335626274297905     
  0.98335811114099803     
  0.98335995953782573     
  0.98336180793345396     
  0.98336365632788758     
  0.98336550472113060     
  0.98336735311318280     
  0.98336920150404872     
  0.98337104989371993     
  0.98337289828220509     
  0.98337474666950719     
  0.98337659505563246     
  0.98337844344057268     
  0.98338029182432940     
  0.98338214020692527     
  0.98338398858834342     
  0.98338583696859161     
  0.98338768534766441     
  0.98338953372557447     
  0.98339138210233301     
  0.98339323047791860     
  0.98339507885235333     
  0.98339692722563721     
  0.98339877559777011     
  0.98340062396875272     
  0.98340247233859501     
  0.98340432070729811     
  0.98340616907486267     
  0.98340801744129414     
  0.98340986580659639     
  0.98341171417076911     
  0.98341356253382406     
  0.98341541089575535     
  0.98341725925657542     
  0.98341910761628681     
  0.98342095597488643     
  0.98342280433239193     
  0.98342465268879742     
  0.98342650104410889     
  0.98342834939833046     
  0.98343019775147045     
  0.98343204610353585     
  0.98343389445450857     
  0.98343574280443069     
  0.98343759115328200     
  0.98343943950107171     
  0.98344128784779461     
  0.98344313619348078     
  0.98344498453812990     
  0.98344683288172263     
  0.98344868122429063     
  0.98345052956582346     
  0.98345237790634521     
  0.98345422624583978     
  0.98345607458432693     
  0.98345792292180745     
  0.98345977125828277     
  0.98346161959377054     
  0.98346346792826467     
  0.98346531626177403     
  0.98346716459431449     
  0.98346901292588129     
  0.98347086125648686     
  0.98347270958613320     
  0.98347455791482996     
  0.98347640624258725     
  0.98347825456939753     
  0.98348010289529053     
  0.98348195122024640     
  0.98348379954428944     
  0.98348564786742787     
  0.98348749618966014     
  0.98348934451099379     
  0.98349119283144071     
  0.98349304115099900     
  0.98349488946968433     
  0.98349673778750790     
  0.98349858610448271     
  0.98350043442058310     
  0.98350228273584694     
  0.98350413105027912     
  0.98350597936387685     
  0.98350782767665934     
  0.98350967598862726     
  0.98351152429977950     
  0.98351337261014593     
  0.98351522091971932     
  0.98351706922851123     
  0.98351891753652620     
  0.98352076584378600     
  0.98352261415026998     
  0.98352446245602643     
  0.98352631076103414     
  0.98352815906531454     
  0.98353000736886542     
  0.98353185567171364     
  0.98353370397385154     
  0.98353555227529232     
  0.98353740057604655     
  0.98353924887611799     
  0.98354109717552152     
  0.98354294547426924     
  0.98354479377236970     
  0.98354664206982345     
  0.98354849036664116     
  0.98355033866283237     
  0.98355218695841462     
  0.98355403525339469     
  0.98355588354777235     
  0.98355773184157747     
  0.98355958013479916     
  0.98356142842745042     
  0.98356327671955812     
  0.98356512501110682     
  0.98356697330212783     
  0.98356882159261882     
  0.98357066988259312     
  0.98357251817205527     
  0.98357436646103125     
  0.98357621474950496     
  0.98357806303751716     
  0.98357991132505385     
  0.98358175961214311     
  0.98358360789879007     
  0.98358545618499438     
  0.98358730447076725     
  0.98358915275614245     
  0.98359100104110608     
  0.98359284932568614     
  0.98359469760987095     
  0.98359654589369416     
  0.98359839417715544     
  0.98360024246027022     
  0.98360209074303750     
  0.98360393902547916     
  0.98360578730761472     
  0.98360763558943809     
  0.98360948387097313     
  0.98361133215221053     
  0.98361318043318269     
  0.98361502871390882     
  0.98361687699436728     
  0.98361872527458960     
  0.98362057355459354     
  0.98362242183437920     
  0.98362427011396925     
  0.98362611839334768     
  0.98362796667255636     
  0.98362981495159230     
  0.98363166323047913     
  0.98363351150921496     
  0.98363535978781869     
  0.98363720806630128     
  0.98363905634466831     
  0.98364090462293952     
  0.98364275290112257     
  0.98364460117923447     
  0.98364644945729041     
  0.98364829773528473     
  0.98365014601324341     
  0.98365199429116901     
  0.98365384256909916     
  0.98365569084700899     
  0.98365753912493348     
  0.98365938740288950     
  0.98366123568086516     
  0.98366308395890001     
  0.98366493223698348     
  0.98366678051515499     
  0.98366862879339534     
  0.98367047707174571     
  0.98367232535019378     
  0.98367417362876519     
  0.98367602190747161     
  0.98367787018632535     
  0.98367971846534275     
  0.98368156674452567     
  0.98368341502389867     
  0.98368526330346640     
  0.98368711158324196     
  0.98368895986324045     
  0.98369080814347543     
  0.98369265642395876     
  0.98369450470471331     
  0.98369635298572278     
  0.98369820126702867     
  0.98370004954863388     
  0.98370189783055317     
  0.98370374611279976     
  0.98370559439538563     
  0.98370744267831323     
  0.98370929096161408     
  0.98371113924529086     
  0.98371298752935599     
  0.98371483581382313     
  0.98371668409870650     
  0.98371853238402707     
  0.98372038066979040     
  0.98372222895600325     
  0.98372407724269684     
  0.98372592552986138     
  0.98372777381752219     
  0.98372962210569559     
  0.98373147039438691     
  0.98373331868362091     
  0.98373516697339591     
  0.98373701526373913     
  0.98373886355465556     
  0.98374071184616174     
  0.98374256013826455     
  0.98374440843097910     
  0.98374625672433313     
  0.98374810501832266     
  0.98374995331297277     
  0.98375180160828268     
  0.98375364990428737     
  0.98375549820097485     
  0.98375734649837754     
  0.98375919479649232     
  0.98376104309535173     
  0.98376289139496242     
  0.98376473969533085     
  0.98376658799646988     
  0.98376843629840338     
  0.98377028460113769     
  0.98377213290469012     
  0.98377398120906501     
  0.98377582951428399     
  0.98377767782036474     
  0.98377952612731523     
  0.98378137443513913     
  0.98378322274386876     
  0.98378507105349866     
  0.98378691936405582     
  0.98378876767555479     
  0.98379061598800444     
  0.98379246430139999     
  0.98379431261578254     
  0.98379616093116251     
  0.98379800924754013     
  0.98379985756493749     
  0.98380170588335525     
  0.98380355420282506     
  0.98380540252335014     
  0.98380725084494547     
  0.98380909916762560     
  0.98381094749139630     
  0.98381279581628489     
  0.98381464414230024     
  0.98381649246944380     
  0.98381834079773955     
  0.98382018912719771     
  0.98382203745783270     
  0.98382388578965851     
  0.98382573412268692     
  0.98382758245693358     
  0.98382943079240648     
  0.98383127912912460     
  0.98383312746710050     
  0.98383497580634238     
  0.98383682414686835     
  0.98383867248868773     
  0.98384052083181417     
  0.98384236917626633     
  0.98384421752205076     
  0.98384606586918077     
  0.98384791421767370     
  0.98384976256754986     
  0.98385161091880491     
  0.98385345927145507     
  0.98385530762551798     
  0.98385715598101453     
  0.98385900433795037     
  0.98386085269632828     
  0.98386270105617413     
  0.98386454941749446     
  0.98386639778030716     
  0.98386824614462898     
  0.98387009451045448     
  0.98387194287782109     
  0.98387379124672714     
  0.98387563961717051     
  0.98387748798919672     
  0.98387933636279223     
  0.98388118473798603     
  0.98388303311477843     
  0.98388488149319431     
  0.98388672987322889     
  0.98388857825491194     
  0.98389042663824477     
  0.98389227502325083     
  0.98389412340992166     
  0.98389597179829236     
  0.98389782018836591     
  0.98389966858015288     
  0.98390151697366934     
  0.98390336536891465     
  0.98390521376593365     
  0.98390706216470147     
  0.98390891056525054     
  0.98391075896759250     
  0.98391260737172470     
  0.98391445577766956     
  0.98391630418545095     
  0.98391815259505633     
  0.98392000100650967     
  0.98392184941982264     
  0.98392369783500677     
  0.98392554625207485     
  0.98392739467103840     
  0.98392924309191010     
  0.98393109151469771     
  0.98393293993941433     
  0.98393478836606929     
  0.98393663679467747     
  0.98393848522524541     
  0.98394033365779987     
  0.98394218209232853     
  0.98394403052885615     
  0.98394587896739438     
  0.98394772740795400     
  0.98394957585054177     
  0.98395142429517590     
  0.98395327274186084     
  0.98395512119060646     
  0.98395696964143331     
  0.98395881809434760     
  0.98396066654934222     
  0.98396251500645937     
  0.98396436346568117     
  0.98396621192705269     
  0.98396806039054696     
  0.98396990885619140     
  0.98397175732400277     
  0.98397360579398296     
  0.98397545426614241     
  0.98397730274048900     
  0.98397915121704682     
  0.98398099969580677     
  0.98398284817679549     
  0.98398469666001476     
  0.98398654514547457     
  0.98398839363318757     
  0.98399024212315689     
  0.98399209061540516     
  0.98399393910993760     
  0.98399578760675177     
  0.98399763610586877     
  0.98399948460730302     
  0.98400133311104998     
  0.98400318161713751     
  0.98400503012555673     
  0.98400687863632230     
  0.98400872714944132     
  0.98401057566493699     
  0.98401242418281387     
  0.98401427270306019     
  0.98401612122571369     
  0.98401796975075939     
  0.98401981827822693     
  0.98402166680811598     
  0.98402351534043186     
  0.98402536387518524     
  0.98402721241238467     
  0.98402906095204035     
  0.98403090949416183     
  0.98403275803875490     
  0.98403460658583519     
  0.98403645513539972     
  0.98403830368746104     
  0.98404015224203190     
  0.98404200079912096     
  0.98404384935873102     
  0.98404569792086882     
  0.98404754648554082     
  0.98404939505276368     
  0.98405124362253549     
  0.98405309219486969     
  0.98405494076976829     
  0.98405678934725782     
  0.98405863792732073     
  0.98406048650997746     
  0.98406233509523300     
  0.98406418368309723     
  0.98406603227356526     
  0.98406788086666508     
  0.98406972946238547     
  0.98407157806074907     
  0.98407342666173880     
  0.98407527526538874     
  0.98407712387168222     
  0.98407897248065179     
  0.98408082109227701     
  0.98408266970658154     
  0.98408451832356492     
  0.98408636694323814     
  0.98408821556559600     
  0.98409006419066292     
  0.98409191281842867     
  0.98409376144890670     
  0.98409561008210789     
  0.98409745871803211     
  0.98409930735668261     
  0.98410115599807035     
  0.98410300464219924     
  0.98410485328906827     
  0.98410670193868865     
  0.98410855059107938     
  0.98411039924622778     
  0.98411224790412988     
  0.98411409656481597     
  0.98411594522827994     
  0.98411779389452647     
  0.98411964256355733     
  0.98412149123538750     
  0.98412333991000489     
  0.98412518858743236     
  0.98412703726766471     
  0.98412888595070425     
  0.98413073463655776     
  0.98413258332523623     
  0.98413443201673567     
  0.98413628071107240     
  0.98413812940822931     
  0.98413997810822418     
  0.98414182681106566     
  0.98414367551674886     
  0.98414552422527557     
  0.98414737293665244     
  0.98414922165088548     
  0.98415107036798266     
  0.98415291908793756     
  0.98415476781075262     
  0.98415661653644859     
  0.98415846526500683     
  0.98416031399643378     
  0.98416216273074741     
  0.98416401146793697     
  0.98416586020801589     
  0.98416770895096706     
  0.98416955769682102     
  0.98417140644555701     
  0.98417325519718746     
  0.98417510395171559     
  0.98417695270914363     
  0.98417880146947323     
  0.98418065023269385     
  0.98418249899882115     
  0.98418434776786989     
  0.98418619653981509     
  0.98418804531467174     
  0.98418989409243407     
  0.98419174287311673     
  0.98419359165671871     
  0.98419544044322582     
  0.98419728923264693     
  0.98419913802500281     
  0.98420098682025980     
  0.98420283561845290     
  0.98420468441955866     
  0.98420653322359042     
  0.98420838203054828     
  0.98421023084041759     
  0.98421207965321988     
  0.98421392846894207     
  0.98421577728759579     
  0.98421762610917030     
  0.98421947493367057     
  0.98422132376110261     
  0.98422317259145742     
  0.98422502142473967     
  0.98422687026094868     
  0.98422871910007581     
  0.98423056794213026     
  0.98423241678712037     
  0.98423426563502592     
  0.98423611448585679     
  0.98423796333961056     
  0.98423981219628742     
  0.98424166105588673     
  0.98424350991840770     
  0.98424535878384822     
  0.98424720765219287     
  0.98424905652347461     
  0.98425090539766869     
  0.98425275427477432     
  0.98425460315480129     
  0.98425645203772605     
  0.98425830092357602     
  0.98426014981232512     
  0.98426199870397746     
  0.98426384759854924     
  0.98426569649602058     
  0.98426754539638273     
  0.98426939429964555     
  0.98427124320580994     
  0.98427309211486780     
  0.98427494102681146     
  0.98427678994164414     
  0.98427863885937206     
  0.98428048777997990     
  0.98428233670347087     
  0.98428418562983577     
  0.98428603455907149     
  0.98428788349119589     
  0.98428973242617457     
  0.98429158136403272     
  0.98429343030473593     
  0.98429527924830928     
  0.98429712819473580     
  0.98429897714401982     
  0.98430082609615410     
  0.98430267505111935     
  0.98430452400893365     
  0.98430637296958901     
  0.98430822193307366     
  0.98431007089938438     
  0.98431191986852928     
  0.98431376884048472     
  0.98431561781526167     
  0.98431746679285115     
  0.98431931577324383     
  0.98432116475644638     
  0.98432301374243536     
  0.98432486273122710     
  0.98432671172280817     
  0.98432856071717889     
  0.98433040971431640     
  0.98433225871422614     
  0.98433410771691132     
  0.98433595672236507     
  0.98433780573056406     
  0.98433965474152696     
  0.98434150375522467     
  0.98434335277167406     
  0.98434520179085350     
  0.98434705081276119     
  0.98434889983739682     
  0.98435074886475160     
  0.98435259789481611     
  0.98435444692759233     
  0.98435629596306518     
  0.98435814500122676     
  0.98435999404208274     
  0.98436184308561903     
  0.98436369213182540     
  0.98436554118070552     
  0.98436739023224540     
  0.98436923928643838     
  0.98437108834327891     
  0.98437293740276288     
  0.98437478646487642     
  0.98437663552962151     
  0.98437848459698440     
  0.98438033366696487     
  0.98438218273954747     
  0.98438403181472878     
  0.98438588089249790     
  0.98438772997285329     
  0.98438957905577851     
  0.98439142814128655     
  0.98439327722934455     
  0.98439512631995207     
  0.98439697541311311     
  0.98439882450880589     
  0.98440067360703176     
  0.98440252270777340     
  0.98440437181103502     
  0.98440622091679142     
  0.98440807002504982     
  0.98440991913579612     
  0.98441176824902554     
  0.98441361736471555     
  0.98441546648287581     
  0.98441731560349033     
  0.98441916472655167     
  0.98442101385204261     
  0.98442286297996429     
  0.98442471211030425     
  0.98442656124305383     
  0.98442841037820950     
  0.98443025951575458     
  0.98443210865567310     
  0.98443395779797116     
  0.98443580694263400     
  0.98443765608964429     
  0.98443950523900170     
  0.98444135439069302     
  0.98444320354471471     
  0.98444505270105376     
  0.98444690185970107     
  0.98444875102063245     
  0.98445060018385311     
  0.98445244934936316     
  0.98445429851713728     
  0.98445614768715295     
  0.98445799685942825     
  0.98445984603394354     
  0.98446169521067284     
  0.98446354438963024     
  0.98446539357079166     
  0.98446724275413944     
  0.98446909193967647     
  0.98447094112738609     
  0.98447279031726098     
  0.98447463950929071     
  0.98447648870346049     
  0.98447833789977035     
  0.98448018709818907     
  0.98448203629872866     
  0.98448388550136334     
  0.98448573470608181     
  0.98448758391288682     
  0.98448943312175241     
  0.98449128233266536     
  0.98449313154563267     
  0.98449498076063735     
  0.98449682997765409     
  0.98449867919668788     
  0.98450052841770752     
  0.98450237764073201     
  0.98450422686571737     
  0.98450607609267549     
  0.98450792532158660     
  0.98450977455243216     
  0.98451162378521129     
  0.98451347301991365     
  0.98451532225650584     
  0.98451717149501328     
  0.98451902073539499     
  0.98452086997764587     
  0.98452271922174983     
  0.98452456846770198     
  0.98452641771549698     
  0.98452826696510987     
  0.98453011621653574     
  0.98453196546975896     
  0.98453381472476220     
  0.98453566398153847     
  0.98453751324008520     
  0.98453936250037855     
  0.98454121176240750     
  0.98454306102616684     
  0.98454491029162750     
  0.98454675955879156     
  0.98454860882764295     
  0.98455045809816732     
  0.98455230737035704     
  0.98455415664420132     
  0.98455600591966963     
  0.98455785519677330     
  0.98455970447548913     
  0.98456155375578824     
  0.98456340303768208     
  0.98456525232115433     
  0.98456710160618033     
  0.98456895089275664     
  0.98457080018086429     
  0.98457264947049128     
  0.98457449876163061     
  0.98457634805426619     
  0.98457819734837837     
  0.98458004664397103     
  0.98458189594101653     
  0.98458374523949943     
  0.98458559453941841     
  0.98458744384075336     
  0.98458929314348986     
  0.98459114244761337     
  0.98459299175312232     
  0.98459484105999040     
  0.98459669036820963     
  0.98459853967776478     
  0.98460038898864788     
  0.98460223830084903     
  0.98460408761433227     
  0.98460593692911147     
  0.98460778624515188     
  0.98460963556245507     
  0.98461148488100481     
  0.98461333420078312     
  0.98461518352177757     
  0.98461703284397795     
  0.98461888216736770     
  0.98462073149193508     
  0.98462258081766740     
  0.98462443014454681     
  0.98462627947256520     
  0.98462812880169459     
  0.98462997813193820     
  0.98463182746328837     
  0.98463367679571356     
  0.98463552612920024     
  0.98463737546375507     
  0.98463922479934618     
  0.98464107413596536     
  0.98464292347359639     
  0.98464477281222862     
  0.98464662215184851     
  0.98464847149244006     
  0.98465032083399318     
  0.98465217017648599     
  0.98465401951991682     
  0.98465586886427081     
  0.98465771820952186     
  0.98465956755566342     
  0.98466141690269182     
  0.98466326625058054     
  0.98466511559931369     
  0.98466696494888728     
  0.98466881429928721     
  0.98467066365049427     
  0.98467251300249570     
  0.98467436235528172     
  0.98467621170883668     
  0.98467806106314359     
  0.98467991041819858     
  0.98468175977398387     
  0.98468360913047170     
  0.98468545848766953     
  0.98468730784555047     
  0.98468915720410533     
  0.98469100656332476     
  0.98469285592317501     
  0.98469470528367742     
  0.98469655464479267     
  0.98469840400651343     
  0.98470025336882672     
  0.98470210273172132     
  0.98470395209518102     
  0.98470580145918596     
  0.98470765082374256     
  0.98470950018880765     
  0.98471134955439432     
  0.98471319892048181     
  0.98471504828704326     
  0.98471689765408876     
  0.98471874702158280     
  0.98472059638953346     
  0.98472244575790868     
  0.98472429512670090     
  0.98472614449590390     
  0.98472799386549603     
  0.98472984323546564     
  0.98473169260580173     
  0.98473354197649710     
  0.98473539134751975     
  0.98473724071887769     
  0.98473909009054861     
  0.98474093946250651     
  0.98474278883477406     
  0.98474463820730462     
  0.98474648758009553     
  0.98474833695313124     
  0.98475018632640421     
  0.98475203569990388     
  0.98475388507360728     
  0.98475573444751052     
  0.98475758382159995     
  0.98475943319587023     
  0.98476128257027473     
  0.98476313194484655     
  0.98476498131953860     
  0.98476683069435667     
  0.98476868006928708     
  0.98477052944430410     
  0.98477237881940949     
  0.98477422819457761     
  0.98477607756981400     
  0.98477792694509525     
  0.98477977632041191     
  0.98478162569573480     
  0.98478347507107655     
  0.98478532444641509     
  0.98478717382174397     
  0.98478902319703743     
  0.98479087257229336     
  0.98479272194749590     
  0.98479457132263026     
  0.98479642069769879     
  0.98479827007267684     
  0.98480011944754964     
  0.98480196882232007     
  0.98480381819695983     
  0.98480566757146815     
  0.98480751694582203     
  0.98480936632002969     
  0.98481121569405861     
  0.98481306506790922     
  0.98481491444156721     
  0.98481676381502004     
  0.98481861318825470     
  0.98482046256126599     
  0.98482231193404002     
  0.98482416130656114     
  0.98482601067882569     
  0.98482786005081391     
  0.98482970942252523     
  0.98483155879394557     
  0.98483340816504716     
  0.98483525753583989     
  0.98483710690630932     
  0.98483895627643880     
  0.98484080564622034     
  0.98484265501564683     
  0.98484450438470039     
  0.98484635375336582     
  0.98484820312165533     
  0.98485005248953350     
  0.98485190185700489     
  0.98485375122405494     
  0.98485560059067290     
  0.98485744995684710     
  0.98485929932257188     
  0.98486114868783325     
  0.98486299805262256     
  0.98486484741693048     
  0.98486669678074312     
  0.98486854614406893     
  0.98487039550686406     
  0.98487224486915081     
  0.98487409423089023     
  0.98487594359210973     
  0.98487779295278033     
  0.98487964231287839     
  0.98488149167241601     
  0.98488334103136543     
  0.98488519038974132     
  0.98488703974752001     
  0.98488888910468708     
  0.98489073846124942     
  0.98489258781717970     
  0.98489443717248759     
  0.98489628652714811     
  0.98489813588115882     
  0.98489998523451805     
  0.98490183458720648     
  0.98490368393922401     
  0.98490553329055519     
  0.98490738264120237     
  0.98490923199114788     
  0.98491108134037719     
  0.98491293068889241     
  0.98491478003669430     
  0.98491662938375713     
  0.98491847873008653     
  0.98492032807565999     
  0.98492217742048960     
  0.98492402676454960     
  0.98492587610784099     
  0.98492772545034624     
  0.98492957479208254     
  0.98493142413301271     
  0.98493327347315307     
  0.98493512281249340     
  0.98493697215100340     
  0.98493882148870759     
  0.98494067082557313     
  0.98494252016161687     
  0.98494436949680320     
  0.98494621883115174     
  0.98494806816465030     
  0.98494991749728067     
  0.98495176682905095     
  0.98495361615994270     
  0.98495546548996171     
  0.98495731481909166     
  0.98495916414733131     
  0.98496101347467580     
  0.98496286280111289     
  0.98496471212663983     
  0.98496656145126016     
  0.98496841077494657     
  0.98497026009772060     
  0.98497210941955426     
  0.98497395874045524     
  0.98497580806041696     
  0.98497765737942522     
  0.98497950669748302     
  0.98498135601458714     
  0.98498320533073391     
  0.98498505464591046     
  0.98498690396011412     
  0.98498875327334168     
  0.98499060258558324     
  0.98499245189685014     
  0.98499430120711717     
  0.98499615051640155     
  0.98499799982468395     
  0.98499984913196237     
  0.98500169843823959     
  0.98500354774350118     
  0.98500539704774914     
  0.98500724635098613     
  0.98500909565320038     
  0.98501094495438457     
  0.98501279425455224     
  0.98501464355368273     
  0.98501649285177351     
  0.98501834214883344     
  0.98502019144485220     
  0.98502204073982669     
  0.98502389003375879     
  0.98502573932663762     
  0.98502758861846573     
  0.98502943790924236     
  0.98503128719895439     
  0.98503313648760926     
  0.98503498577520743     
  0.98503683506173656     
  0.98503868434721131     
  0.98504053363160593     
  0.98504238291493651     
  0.98504423219720016     
  0.98504608147837824     
  0.98504793075849539     
  0.98504978003752830     
  0.98505162931548962     
  0.98505347859236914     
  0.98505532786816630     
  0.98505717714288688     
  0.98505902641652165     
  0.98506087568907130     
  0.98506272496053682     
  0.98506457423091909     
  0.98506642350022855     
  0.98506827276843467     
  0.98507012203556110     
  0.98507197130159529     
  0.98507382056654702     
  0.98507566983041395     
  0.98507751909319075     
  0.98507936835488363     
  0.98508121761548306     
  0.98508306687499347     
  0.98508491613342819     
  0.98508676539077822     
  0.98508861464703634     
  0.98509046390220956     
  0.98509231315629886     
  0.98509416240930947     
  0.98509601166123439     
  0.98509786091207918     
  0.98509971016184161     
  0.98510155941052735     
  0.98510340865813817     
  0.98510525790466275     
  0.98510710715012428     
  0.98510895639450924     
  0.98511080563782349     
  0.98511265488006139     
  0.98511450412123847     
  0.98511635336135250     
  0.98511820260040095     
  0.98512005183838602     
  0.98512190107531317     
  0.98512375031118138     
  0.98512559954599488     
  0.98512744877977343     
  0.98512929801248250     
  0.98513114724416273     
  0.98513299647478469     
  0.98513484570437959     
  0.98513669493292610     
  0.98513854416044178     
  0.98514039338693626     
  0.98514224261240158     
  0.98514409183684126     
  0.98514594106025499     
  0.98514779028265553     
  0.98514963950404921     
  0.98515148872443103     
  0.98515333794380477     
  0.98515518716218109     
  0.98515703637956353     
  0.98515888559595055     
  0.98516073481134647     
  0.98516258402576329     
  0.98516443323920444     
  0.98516628245166682     
  0.98516813166316508     
  0.98516998087369201     
  0.98517183008326104     
  0.98517367929188104     
  0.98517552849954582     
  0.98517737770626779     
  0.98517922691205295     
  0.98518107611689831     
  0.98518292532082052     
  0.98518477452381470     
  0.98518662372590038     
  0.98518847292706602     
  0.98519032212733293     
  0.98519217132670289     
  0.98519402052516969     
  0.98519586972275708     
  0.98519771891946051     
  0.98519956811528886     
  0.98520141731024569     
  0.98520326650434731     
  0.98520511569759317     
  0.98520696488998694     
  0.98520881408154859     
  0.98521066327226259     
  0.98521251246215491     
  0.98521436165122322     
  0.98521621083947619     
  0.98521806002693157     
  0.98521990921358416     
  0.98522175839944315     
  0.98522360758450800     
  0.98522545676880868     
  0.98522730595233887     
  0.98522915513510978     
  0.98523100431711763     
  0.98523285349838241     
  0.98523470267891955     
  0.98523655185871917     
  0.98523840103779137     
  0.98524025021615957     
  0.98524209939381668     
  0.98524394857078612     
  0.98524579774705601     
  0.98524764692265254     
  0.98524949609758694     
  0.98525134527184666     
  0.98525319444545623     
  0.98525504361842098     
  0.98525689279075701     
  0.98525874196246299     
  0.98526059113355169     
  0.98526244030403487     
  0.98526428947391276     
  0.98526613864320334     
  0.98526798781191449     
  0.98526983698006931     
  0.98527168614765126     
  0.98527353531467876     
  0.98527538448117136     
  0.98527723364712605     
  0.98527908281257004     
  0.98528093197750310     
  0.98528278114192436     
  0.98528463030586277     
  0.98528647946931813     
  0.98528832863230109     
  0.98529017779483119     
  0.98529202695690954     
  0.98529387611854713     
  0.98529572527976050     
  0.98529757444055477     
  0.98529942360094636     
  0.98530127276092749     
  0.98530312192053104     
  0.98530497107976622     
  0.98530682023863103     
  0.98530866939714579     
  0.98531051855532104     
  0.98531236771316566     
  0.98531421687069598     
  0.98531606602791266     
  0.98531791518484124     
  0.98531976434148283     
  0.98532161349783964     
  0.98532346265395776     
  0.98532531180981286     
  0.98532716096543449     
  0.98532901012083007     
  0.98533085927601405     
  0.98533270843099641     
  0.98533455758578525     
  0.98533640674040901     
  0.98533825589485158     
  0.98534010504915048     
  0.98534195420331094     
  0.98534380335732785     
  0.98534565251124839     
  0.98534750166505092     
  0.98534935081876951     
  0.98535119997240528     
  0.98535304912597621     
  0.98535489827949441     
  0.98535674743296453     
  0.98535859658641711     
  0.98536044573985371     
  0.98536229489327953     
  0.98536414404672790     
  0.98536599320019236     
  0.98536784235369435     
  0.98536969150724252     
  0.98537154066086041     
  0.98537338981454425     
  0.98537523896832968     
  0.98537708812220925     
  0.98537893727620995     
  0.98538078643034033     
  0.98538263558461536     
  0.98538448473903473     
  0.98538633389362984     
  0.98538818304841158     
  0.98539003220338917     
  0.98539188135856792     
  0.98539373051398749     
  0.98539557966963265     
  0.98539742882553361     
  0.98539927798169791     
  0.98540112713814265     
  0.98540297629488349     
  0.98540482545193175     
  0.98540667460930076     
  0.98540852376699961     
  0.98541037292505118     
  0.98541222208346502     
  0.98541407124225755     
  0.98541592040143433     
  0.98541776956103022     
  0.98541961872103456     
  0.98542146788148288     
  0.98542331704237918     
  0.98542516620373499     
  0.98542701536555644     
  0.98542886452788447     
  0.98543071369070945     
  0.98543256285405922     
  0.98543441201794657     
  0.98543626118237282     
  0.98543811034736883     
  0.98543995951294761     
  0.98544180867911979     
  0.98544365784589971     
  0.98544550701329292     
  0.98544735618132873     
  0.98544920535001235     
  0.98545105451936987     
  0.98545290368939720     
  0.98545475286012818     
  0.98545660203156948     
  0.98545845120373121     
  0.98546030037664745     
  0.98546214955029332     
  0.98546399872472912     
  0.98546584789994451     
  0.98546769707595649     
  0.98546954625277938     
  0.98547139543044338     
  0.98547324460894514     
  0.98547509378829923     
  0.98547694296853217     
  0.98547879214965683     
  0.98548064133167779     
  0.98548249051462122     
  0.98548433969850191     
  0.98548618888332584     
  0.98548803806911967     
  0.98548988725588427     
  0.98549173644364607     
  0.98549358563241707     
  0.98549543482220536     
  0.98549728401304126     
  0.98549913320492755     
  0.98550098239788830     
  0.98550283159192875     
  0.98550468078706543     
  0.98550652998330968     
  0.98550837918069178     
  0.98551022837922020     
  0.98551207757889370     
  0.98551392677975269     
  0.98551577598179729     
  0.98551762518504682     
  0.98551947438951859     
  0.98552132359521072     
  0.98552317280217083     
  0.98552502201038517     
  0.98552687121987792     
  0.98552872043066342     
  0.98553056964276009     
  0.98553241885618270     
  0.98553426807093758     
  0.98553611728704971     
  0.98553796650454140     
  0.98553981572339922     
  0.98554166494366802     
  0.98554351416534536     
  0.98554536338844956     
  0.98554721261300526     
  0.98554906183900659     
  0.98555091106649162     
  0.98555276029545391     
  0.98555460952592755     
  0.98555645875790920     
  0.98555830799142818     
  0.98556015722649959     
  0.98556200646313052     
  0.98556385570133576     
  0.98556570494113316     
  0.98556755418252862     
  0.98556940342555599     
  0.98557125267020362     
  0.98557310191650793     
  0.98557495116448712     
  0.98557680041412965     
  0.98557864966546627     
  0.98558049891851285     
  0.98558234817328783     
  0.98558419742979109     
  0.98558604668805405     
  0.98558789594807839     
  0.98558974520987186     
  0.98559159447346933     
  0.98559344373887559     
  0.98559529300609361     
  0.98559714227515871     
  0.98559899154607034     
  0.98560084081884036     
  0.98560269009350754     
  0.98560453937005577     
  0.98560638864850658     
  0.98560823792888497     
  0.98561008721119037     
  0.98561193649545431     
  0.98561378578168113     
  0.98561563506988081     
  0.98561748436006846     
  0.98561933365225951     
  0.98562118294646706     
  0.98562303224271242     
  0.98562488154098993     
  0.98562673084133723     
  0.98562858014375654     
  0.98563042944826140     
  0.98563227875486004     
  0.98563412806356920     
  0.98563597737440789     
  0.98563782668738675     
  0.98563967600251678     
  0.98564152531980620     
  0.98564337463927232     
  0.98564522396093301     
  0.98564707328480095     
  0.98564892261088766     
  0.98565077193920203     
  0.98565262126976083     
  0.98565447060257083     
  0.98565631993765446     
  0.98565816927501826     
  0.98566001861467945     
  0.98566186795663646     
  0.98566371730091462     
  0.98566556664753191     
  0.98566741599648888     
  0.98566926534780430     
  0.98567111470149193     
  0.98567296405755023     
  0.98567481341599705     
  0.98567666277685551     
  0.98567851214013280     
  0.98568036150584581     
  0.98568221087398744     
  0.98568406024459143     
  0.98568590961764924     
  0.98568775899319050     
  0.98568960837122221     
  0.98569145775174360     
  0.98569330713478320     
  0.98569515652034179     
  0.98569700590843379     
  0.98569885529907175     
  0.98570070469226423     
  0.98570255408802043     
  0.98570440348636457     
  0.98570625288729186     
  0.98570810229082473     
  0.98570995169696196     
  0.98571180110572221     
  0.98571365051711546     
  0.98571549993115892     
  0.98571734934785171     
  0.98571919876721026     
  0.98572104818924033     
  0.98572289761395260     
  0.98572474704136726     
  0.98572659647148064     
  0.98572844590431863     
  0.98573029533987500     
  0.98573214477816817     
  0.98573399421920849     
  0.98573584366300759     
  0.98573769310956982     
  0.98573954255890239     
  0.98574139201101274     
  0.98574324146592951     
  0.98574509092364504     
  0.98574694038417510     
  0.98574878984752656     
  0.98575063931370266     
  0.98575248878272581     
  0.98575433825459469     
  0.98575618772932450     
  0.98575803720691590     
  0.98575988668738113     
  0.98576173617073615     
  0.98576358565697653     
  0.98576543514611281     
  0.98576728463816532     
  0.98576913413313627     
  0.98577098363103455     
  0.98577283313186104     
  0.98577468263563794     
  0.98577653214235017     
  0.98577838165202625     
  0.98578023116467017     
  0.98578208068027595     
  0.98578393019887522     
  0.98578577972045378     
  0.98578762924503460     
  0.98578947877261058     
  0.98579132830320060     
  0.98579317783680376     
  0.98579502737343616     
  0.98579687691308926     
  0.98579872645578748     
  0.98580057600152238     
  0.98580242555031272     
  0.98580427510215818     
  0.98580612465706696     
  0.98580797421504451     
  0.98580982377609305     
  0.98581167334023212     
  0.98581352290744872     
  0.98581537247776729     
  0.98581722205118805     
  0.98581907162771776     
  0.98582092120734210     
  0.98582277079009373     
  0.98582462037596241     
  0.98582646996495482     
  0.98582831955709149     
  0.98583016915236221     
  0.98583201875077286     
  0.98583386835232500     
  0.98583571795703628     
  0.98583756756489960     
  0.98583941717592904     
  0.98584126679012218     
  0.98584311640748579     
  0.98584496602802618     
  0.98584681565174404     
  0.98584866527864246     
  0.98585051490873432     
  0.98585236454201253     
  0.98585421417848096     
  0.98585606381815727     
  0.98585791346103124     
  0.98585976310711143     
  0.98586161275639284     
  0.98586346240889433     
  0.98586531206461447     
  0.98586716172354605     
  0.98586901138569483     
  0.98587086105107613     
  0.98587271071968441     
  0.98587456039152388     
  0.98587641006658300     
  0.98587825974488552     
  0.98588010942642679     
  0.98588195911119303     
  0.98588380879921467     
  0.98588565849047638     
  0.98588750818498150     
  0.98588935788273735     
  0.98589120758373328     
  0.98589305728798771     
  0.98589490699548710     
  0.98589675670624111     
  0.98589860642025151     
  0.98590045613751287     
  0.98590230585802874     
  0.98590415558181077     
  0.98590600530884731     
  0.98590785503914247     
  0.98590970477269013     
  0.98591155450950174     
  0.98591340424957297     
  0.98591525399290780     
  0.98591710373950614     
  0.98591895348935599     
  0.98592080324246500     
  0.98592265299884063     
  0.98592450275847121     
  0.98592635252136973     
  0.98592820228751599     
  0.98593005205693018     
  0.98593190182960144     
  0.98593375160552421     
  0.98593560138471159     
  0.98593745116714326     
  0.98593930095283588     
  0.98594115074178346     
  0.98594300053397843     
  0.98594485032942558     
  0.98594670012812358     
  0.98594854993006786     
  0.98595039973525156     
  0.98595224954368199     
  0.98595409935535561     
  0.98595594917026119     
  0.98595779898840863     
  0.98595964880979092     
  0.98596149863439886     
  0.98596334846224531     
  0.98596519829332063     
  0.98596704812761005     
  0.98596889796512666     
  0.98597074780585614     
  0.98597259764981404     
  0.98597444749697849     
  0.98597629734734960     
  0.98597814720092303     
  0.98597999705769512     
  0.98598184691767321     
  0.98598369678084918     
  0.98598554664720561     
  0.98598739651676126     
  0.98598924638948704     
  0.98599109626539727     
  0.98599294614448629     
  0.98599479602674434     
  0.98599664591216596     
  0.98599849580074306     
  0.98600034569248685     
  0.98600219558737479     
  0.98600404548542042     
  0.98600589538659500     
  0.98600774529091795     
  0.98600959519836284     
  0.98601144510894501     
  0.98601329502265200     
  0.98601514493946307     
  0.98601699485938754     
  0.98601884478241675     
  0.98602069470854348     
  0.98602254463776495     
  0.98602439457006996     
  0.98602624450546605     
  0.98602809444393458     
  0.98602994438546643     
  0.98603179433006249     
  0.98603364427771034     
  0.98603549422841397     
  0.98603734418215749     
  0.98603919413893704     
  0.98604104409874360     
  0.98604289406158019     
  0.98604474402742570     
  0.98604659399627237     
  0.98604844396812497     
  0.98605029394298094     
  0.98605214392081308     
  0.98605399390161863     
  0.98605584388540324     
  0.98605769387214293     
  0.98605954386185124     
  0.98606139385449665     
  0.98606324385007882     
  0.98606509384859720     
  0.98606694385003779     
  0.98606879385439461     
  0.98607064386165744     
  0.98607249387181450     
  0.98607434388485671     
  0.98607619390079304     
  0.98607804391959131     
  0.98607989394125128     
  0.98608174396577242     
  0.98608359399313328     
  0.98608544402333453     
  0.98608729405635653     
  0.98608914409220039     
  0.98609099413085566     
  0.98609284417230747     
  0.98609469421654494     
  0.98609654426356375     
  0.98609839431334989     
  0.98610024436590626     
  0.98610209442120222     
  0.98610394447924055     
  0.98610579454001124     
  0.98610764460350930     
  0.98610949466971021     
  0.98611134473861228     
  0.98611319481020032     
  0.98611504488447366     
  0.98611689496141075     
  0.98611874504100461     
  0.98612059512324601     
  0.98612244520812220     
  0.98612429529562762     
  0.98612614538575605     
  0.98612799547847751     
  0.98612984557379779     
  0.98613169567169356     
  0.98613354577216228     
  0.98613539587518717     
  0.98613724598076580     
  0.98613909608887274     
  0.98614094619951265     
  0.98614279631266799     
  0.98614464642831412     
  0.98614649654646069     
  0.98614834666708051     
  0.98615019679016758     
  0.98615204691570246     
  0.98615389704369250     
  0.98615574717409971     
  0.98615759730692898     
  0.98615944744217510     
  0.98616129757979609     
  0.98616314771981350     
  0.98616499786219447     
  0.98616684800693510     
  0.98616869815401031     
  0.98617054830343231     
  0.98617239845516236     
  0.98617424860919589     
  0.98617609876552703     
  0.98617794892413579     
  0.98617979908502051     
  0.98618164924815210     
  0.98618349941353012     
  0.98618534958113935     
  0.98618719975094904     
  0.98618904992297407     
  0.98619090009719101     
  0.98619275027357278     
  0.98619460045212637     
  0.98619645063282668     
  0.98619830081565618     
  0.98620015100061520     
  0.98620200118768853     
  0.98620385137684685     
  0.98620570156808818     
  0.98620755176139396     
  0.98620940195676510     
  0.98621125215416650     
  0.98621310235359738     
  0.98621495255503933     
  0.98621680275848544     
  0.98621865296391087     
  0.98622050317131094     
  0.98622235338066211     
  0.98622420359196783     
  0.98622605380518946     
  0.98622790402032567     
  0.98622975423736914     
  0.98623160445628788     
  0.98623345467709045     
  0.98623530489974798     
  0.98623715512423837     
  0.98623900535056741     
  0.98624085557870156     
  0.98624270580863549     
  0.98624455604036787     
  0.98624640627385507     
  0.98624825650910608     
  0.98625010674610059     
  0.98625195698481705     
  0.98625380722524458     
  0.98625565746737232     
  0.98625750771118292     
  0.98625935795665576     
  0.98626120820378593     
  0.98626305845254758     
  0.98626490870294170     
  0.98626675895494209     
  0.98626860920853499     
  0.98627045946370340     
  0.98627230972044588     
  0.98627415997872570     
  0.98627601023854206     
  0.98627786049987487     
  0.98627971076271670     
  0.98628156102704967     
  0.98628341129285180     
  0.98628526156011054     
  0.98628711182881290     
  0.98628896209895056     
  0.98629081237049399     
  0.98629266264344462     
  0.98629451291776848     
  0.98629636319346736     
  0.98629821347051194     
  0.98630006374889867     
  0.98630191402862133     
  0.98630376430962474     
  0.98630561459194188     
  0.98630746487552989     
  0.98630931516037523     
  0.98631116544646735     
  0.98631301573379071     
  0.98631486602232987     
  0.98631671631207252     
  0.98631856660300377     
  0.98632041689510308     
  0.98632226718835891     
  0.98632411748274584     
  0.98632596777826609     
  0.98632781807489156     
  0.98632966837261393     
  0.98633151867141344     
  0.98633336897127555     
  0.98633521927219781     
  0.98633706957414669     
  0.98633891987710809     
  0.98634077018107125     
  0.98634262048602317     
  0.98634447079196674     
  0.98634632109884868     
  0.98634817140667286     
  0.98635002171542385     
  0.98635187202509933     
  0.98635372233566254     
  0.98635557264710938     
  0.98635742295942253     
  0.98635927327258521     
  0.98636112358659744     
  0.98636297390141803     
  0.98636482421705318     
  0.98636667453347326     
  0.98636852485067161     
  0.98637037516863513     
  0.98637222548734738     
  0.98637407580678094     
  0.98637592612693614     
  0.98637777644779978     
  0.98637962676934576     
  0.98638147709157253     
  0.98638332741444590     
  0.98638517773797196     
  0.98638702806212186     
  0.98638887838688416     
  0.98639072871223987     
  0.98639257903819266     
  0.98639442936471289     
  0.98639627969177890     
  0.98639813001938825     
  0.98639998034752774     
  0.98640183067618192     
  0.98640368100532827     
  0.98640553133495201     
  0.98640738166505326     
  0.98640923199560726     
  0.98641108232659946     
  0.98641293265801644     
  0.98641478298984864     
  0.98641663332207352     
  0.98641848365468421     
  0.98642033398766926     
  0.98642218432099527     
  0.98642403465466677     
  0.98642588498867023     
  0.98642773532298711     
  0.98642958565759908     
  0.98643143599249838     
  0.98643328632767113     
  0.98643513666310290     
  0.98643698699877369     
  0.98643883733467685     
  0.98644068767080140     
  0.98644253800712423     
  0.98644438834364312     
  0.98644623868033410     
  0.98644808901718539     
  0.98644993935418868     
  0.98645178969133418     
  0.98645364002860192     
  0.98645549036597369     
  0.98645734070344770     
  0.98645919104100677     
  0.98646104137863033     
  0.98646289171631785     
  0.98646474205405421     
  0.98646659239182577     
  0.98646844272960466     
  0.98647029306739598     
  0.98647214340518330     
  0.98647399374295919     
  0.98647584408070133     
  0.98647769441839439     
  0.98647954475603949     
  0.98648139509361099     
  0.98648324543111343     
  0.98648509576851573     
  0.98648694610581633     
  0.98648879644300858     
  0.98649064678006282     
  0.98649249711698439     
  0.98649434745374931     
  0.98649619779035225     
  0.98649804812678699     
  0.98649989846303032     
  0.98650174879907881     
  0.98650359913491514     
  0.98650544947052965     
  0.98650729980591656     
  0.98650915014106710     
  0.98651100047595497     
  0.98651285081058337     
  0.98651470114493334     
  0.98651655147900297     
  0.98651840181276451     
  0.98652025214621930     
  0.98652210247935967     
  0.98652395281216410     
  0.98652580314463423     
  0.98652765347675730     
  0.98652950380851367     
  0.98653135413990278     
  0.98653320447090909     
  0.98653505480152870     
  0.98653690513174330     
  0.98653875546154524     
  0.98654060579092895     
  0.98654245611988800     
  0.98654430644839608     
  0.98654615677645763     
  0.98654800710406654     
  0.98654985743120183     
  0.98655170775785983     
  0.98655355808403367     
  0.98655540840971245     
  0.98655725873488120     
  0.98655910905953992     
  0.98656095938367472     
  0.98656280970727706     
  0.98656466003034138     
  0.98656651035285958     
  0.98656836067481890     
  0.98657021099621867     
  0.98657206131703212     
  0.98657391163727126     
  0.98657576195692676     
  0.98657761227598229     
  0.98657946259442597     
  0.98658131291225892     
  0.98658316322947459     
  0.98658501354605344     
  0.98658686386200833     
  0.98658871417731686     
  0.98659056449196636     
  0.98659241480595894     
  0.98659426511929449     
  0.98659611543195469     
  0.98659796574394321     
  0.98659981605523961     
  0.98660166636584490     
  0.98660351667575619     
  0.98660536698495382     
  0.98660721729344891     
  0.98660906760121958     
  0.98661091790827693     
  0.98661276821459420     
  0.98661461852018140     
  0.98661646882502296     
  0.98661831912911757     
  0.98662016943246644     
  0.98662201973504737     
  0.98662387003687035     
  0.98662572033792417     
  0.98662757063819906     
  0.98662942093770745     
  0.98663127123642469     
  0.98663312153434968     
  0.98663497183148297     
  0.98663682212782211     
  0.98663867242334602     
  0.98664052271807012     
  0.98664237301198210     
  0.98664422330507773     
  0.98664607359736323     
  0.98664792388881628     
  0.98664977417944177     
  0.98665162446923083     
  0.98665347475818965     
  0.98665532504631526     
  0.98665717533359221     
  0.98665902562002794     
  0.98666087590561613     
  0.98666272619034145     
  0.98666457647422201     
  0.98666642675724769     
  0.98666827703940885     
  0.98667012732070936     
  0.98667197760113545     
  0.98667382788069857     
  0.98667567815939683     
  0.98667752843721768     
  0.98667937871416345     
  0.98668122899023625     
  0.98668307926542920     
  0.98668492953974618     
  0.98668677981318442     
  0.98668863008573371     
  0.98669048035739815     
  0.98669233062817630     
  0.98669418089806771     
  0.98669603116707316     
  0.98669788143518777     
  0.98669973170241632     
  0.98670158196875746     
  0.98670343223420565     
  0.98670528249875566     
  0.98670713276242572     
  0.98670898302519328     
  0.98671083328707787     
  0.98671268354806585     
  0.98671453380816498     
  0.98671638406737594     
  0.98671823432568739     
  0.98672008458310845     
  0.98672193483964354     
  0.98672378509528558     
  0.98672563535004620     
  0.98672748560391577     
  0.98672933585689082     
  0.98673118610899346     
  0.98673303636020870     
  0.98673488661054087     
  0.98673673685998375     
  0.98673858710855922     
  0.98674043735625327     
  0.98674228760307103     
  0.98674413784901149     
  0.98674598809408132     
  0.98674783833828894     
  0.98674968858161749     
  0.98675153882408617     
  0.98675338906569499     
  0.98675523930643982     
  0.98675708954632912     
  0.98675893978537021     
  0.98676079002355399     
  0.98676264026089811     
  0.98676449049739334     
  0.98676634073303782     
  0.98676819096785440     
  0.98677004120183720     
  0.98677189143498478     
  0.98677374166730902     
  0.98677559189881336     
  0.98677744212949103     
  0.98677929235936346     
  0.98678114258842275     
  0.98678299281667547     
  0.98678484304412939     
  0.98678669327078483     
  0.98678854349664902     
  0.98679039372172417     
  0.98679224394601173     
  0.98679409416953390     
  0.98679594439227436     
  0.98679779461425277     
  0.98679964483546712     
  0.98680149505592896     
  0.98680334527564662     
  0.98680519549460433     
  0.98680704571283162     
  0.98680889593032550     
  0.98681074614709186     
  0.98681259636314844     
  0.98681444657847761     
  0.98681629679310545     
  0.98681814700702020     
  0.98681999722025937     
  0.98682184743279733     
  0.98682369764465472     
  0.98682554785584564     
  0.98682739806636122     
  0.98682924827621887     
  0.98683109848541628     
  0.98683294869397975     
  0.98683479890190950     
  0.98683664910919711     
  0.98683849931586964     
  0.98684034952191457     
  0.98684219972735676     
  0.98684404993220753     
  0.98684590013646056     
  0.98684775034012551     
  0.98684960054322302     
  0.98685145074575320     
  0.98685330094772039     
  0.98685515114914646     
  0.98685700135002563     
  0.98685885155036834     
  0.98686070175019991     
  0.98686255194950856     
  0.98686440214831561     
  0.98686625234662162     
  0.98686810254443724     
  0.98686995274177902     
  0.98687180293865973     
  0.98687365313507902     
  0.98687550333104757     
  0.98687735352657446     
  0.98687920372166837     
  0.98688105391635084     
  0.98688290411062640     
  0.98688475430449396     
  0.98688660449797561     
  0.98688845469107733     
  0.98689030488381768     
  0.98689215507619754     
  0.98689400526822724     
  0.98689585545991509     
  0.98689770565127721     
  0.98689955584232925     
  0.98690140603307597     
  0.98690325622352804     
  0.98690510641370577     
  0.98690695660360450     
  0.98690880679324744     
  0.98691065698264246     
  0.98691250717179868     
  0.98691435736072108     
  0.98691620754944132     
  0.98691805773795704     
  0.98691990792628026     
  0.98692175811442251     
  0.98692360830240899     
  0.98692545849022728     
  0.98692730867791378     
  0.98692915886546650     
  0.98693100905290865     
  0.98693285924023311     
  0.98693470942746930     
  0.98693655961462190     
  0.98693840980171343     
  0.98694025998873713     
  0.98694211017572586     
  0.98694396036268783     
  0.98694581054963360     
  0.98694766073656526     
  0.98694951092351502     
  0.98695136111048276     
  0.98695321129748259     
  0.98695506148453382     
  0.98695691167164845     
  0.98695876185883247     
  0.98696061204611241     
  0.98696246223349138     
  0.98696431242098059     
  0.98696616260860381     
  0.98696801279635793     
  0.98696986298428324     
  0.98697171317237342     
  0.98697356336064490     
  0.98697541354912088     
  0.98697726373780625     
  0.98697911392671223     
  0.98698096411586567     
  0.98698281430526780     
  0.98698466449494393     
  0.98698651468490117     
  0.98698836487515129     
  0.98699021506572093     
  0.98699206525660865     
  0.98699391544784087     
  0.98699576563942892     
  0.98699761583138534     
  0.98699946602373234     
  0.98700131621646658     
  0.98700316640962071     
  0.98700501660320883     
  0.98700686679723471     
  0.98700871699171777     
  0.98701056718668445     
  0.98701241738213608     
  0.98701426757807953     
  0.98701611777455522     
  0.98701796797155794     
  0.98701981816910289     
  0.98702166836723182     
  0.98702351856593151     
  0.98702536876522318     
  0.98702721896512835     
  0.98702906916565358     
  0.98703091936682807     
  0.98703276956865349     
  0.98703461977115570     
  0.98703646997434002     
  0.98703832017823301     
  0.98704017038284675     
  0.98704202058818546     
  0.98704387079429123     
  0.98704572100115207     
  0.98704757120879261     
  0.98704942141723606     
  0.98705127162649264     
  0.98705312183657734     
  0.98705497204751036     
  0.98705682225930247     
  0.98705867247196832     
  0.98706052268553601     
  0.98706237290000409     
  0.98706422311540143     
  0.98706607333174501     
  0.98706792354903650     
  0.98706977376730498     
  0.98707162398656179     
  0.98707347420682867     
  0.98707532442811108     
  0.98707717465042810     
  0.98707902487381238     
  0.98708087509826015     
  0.98708272532378905     
  0.98708457555042572     
  0.98708642577818473     
  0.98708827600707405     
  0.98709012623711645     
  0.98709197646833369     
  0.98709382670072277     
  0.98709567693431399     
  0.98709752716912313     
  0.98709937740516696     
  0.98710122764246511     
  0.98710307788101881     
  0.98710492812086570     
  0.98710677836199190     
  0.98710862860445225     
  0.98711047884823511     
  0.98711232909335633     
  0.98711417933985157     
  0.98711602958772504     
  0.98711787983699151     
  0.98711973008767084     
  0.98712158033978536     
  0.98712343059333196     
  0.98712528084834628     
  0.98712713110484784     
  0.98712898136283478     
  0.98713083162232695     
  0.98713268188335501     
  0.98713453214591884     
  0.98713638241004231     
  0.98713823267574508     
  0.98714008294304711     
  0.98714193321193888     
  0.98714378348246890     
  0.98714563375463493     
  0.98714748402845087     
  0.98714933430394403     
  0.98715118458112949     
  0.98715303486001338     
  0.98715488514062166     
  0.98715673542297533     
  0.98715858570706971     
  0.98716043599293557     
  0.98716228628058966     
  0.98716413657004543     
  0.98716598686131940     
  0.98716783715442735     
  0.98716968744938605     
  0.98717153774620392     
  0.98717338804490629     
  0.98717523834550491     
  0.98717708864801057     
  0.98717893895245890     
  0.98718078925883634     
  0.98718263956717955     
  0.98718448987750451     
  0.98718634018981011     
  0.98718819050413253     
  0.98719004082047268     
  0.98719189113885042     
  0.98719374145928429     
  0.98719559178178762     
  0.98719744210637761     
  0.98719929243306481     
  0.98720114276187365     
  0.98720299309279980     
  0.98720484342588644     
  0.98720669376112435     
  0.98720854409854886     
  0.98721039443815273     
  0.98721224477997160     
  0.98721409512402025     
  0.98721594547029334     
  0.98721779581882074     
  0.98721964616962266     
  0.98722149652270264     
  0.98722334687807478     
  0.98722519723576685     
  0.98722704759578050     
  0.98722889795812530     
  0.98723074832284352     
  0.98723259868991975     
  0.98723444905939073     
  0.98723629943125046     
  0.98723814980553171     
  0.98724000018223690     
  0.98724185056138392     
  0.98724370094298164     
  0.98724555132706304     
  0.98724740171362435     
  0.98724925210268655     
  0.98725110249425752     
  0.98725295288835535     
  0.98725480328499715     
  0.98725665368418680     
  0.98725850408595639     
  0.98726035449030691     
  0.98726220489724104     
  0.98726405530679484     
  0.98726590571896511     
  0.98726775613377749     
  0.98726960655123908     
  0.98727145697136010     
  0.98727330739415142     
  0.98727515781964026     
  0.98727700824782916     
  0.98727885867873433     
  0.98728070911236598     
  0.98728255954873578     
  0.98728440998785461     
  0.98728626042975476     
  0.98728811087442936     
  0.98728996132188418     
  0.98729181177215919     
  0.98729366222524262     
  0.98729551268115157     
  0.98729736313990624     
  0.98729921360151862     
  0.98730106406598339     
  0.98730291453333341     
  0.98730476500357012     
  0.98730661547671195     
  0.98730846595275867     
  0.98731031643174161     
  0.98731216691364976     
  0.98731401739851277     
  0.98731586788632797     
  0.98731771837710858     
  0.98731956887088435     
  0.98732141936764706     
  0.98732326986741148     
  0.98732512037018871     
  0.98732697087599985     
  0.98732882138483458     
  0.98733067189672363     
  0.98733252241167047     
  0.98733437292968185     
  0.98733622345077710     
  0.98733807397495832     
  0.98733992450223884     
  0.98734177503262488     
  0.98734362556613453     
  0.98734547610276968     
  0.98734732664254543     
  0.98734917718546811     
  0.98735102773155337     
  0.98735287828080620     
  0.98735472883323117     
  0.98735657938884802     
  0.98735842994765755     
  0.98736028050967628     
  0.98736213107491266     
  0.98736398164336392     
  0.98736583221504948     
  0.98736768278997100     
  0.98736953336815680     
  0.98737138394959190     
  0.98737323453429160     
  0.98737508512226935     
  0.98737693571352680     
  0.98737878630808240     
  0.98738063690592925     
  0.98738248750709645     
  0.98738433811156490     
  0.98738618871936845     
  0.98738803933049568     
  0.98738988994496135     
  0.98739174056276391     
  0.98739359118393444     
  0.98739544180846195     
  0.98739729243634322     
  0.98739914306761600     
  0.98740099370225842     
  0.98740284434029713     
  0.98740469498172012     
  0.98740654562655161     
  0.98740839627478572     
  0.98741024692644064     
  0.98741209758151616     
  0.98741394824000639     
  0.98741579890194542     
  0.98741764956730760     
  0.98741950023611802     
  0.98742135090837291     
  0.98742320158409003     
  0.98742505226327326     
  0.98742690294591118     
  0.98742875363201621     
  0.98743060432160401     
  0.98743245501466714     
  0.98743430571122404     
  0.98743615641126914     
  0.98743800711480867     
  0.98743985782184451     
  0.98744170853238811     
  0.98744355924644256     
  0.98744540996400620     
  0.98744726068508260     
  0.98744911140967961     
  0.98745096213781225     
  0.98745281286946218     
  0.98745466360464540     
  0.98745651434336268     
  0.98745836508561879     
  0.98746021583141530     
  0.98746206658076252     
  0.98746391733365257     
  0.98746576809008590     
  0.98746761885008527     
  0.98746946961364213     
  0.98747132038074659     
  0.98747317115141808     
  0.98747502192564296     
  0.98747687270344575     
  0.98747872348480803     
  0.98748057426974289     
  0.98748242505824080     
  0.98748427585031884     
  0.98748612664596402     
  0.98748797744519734     
  0.98748982824798803     
  0.98749167905437341     
  0.98749352986432948     
  0.98749538067787146     
  0.98749723149499247     
  0.98749908231568961     
  0.98750093313996790     
  0.98750278396783919     
  0.98750463479929096     
  0.98750648563432020     
  0.98750833647293756     
  0.98751018731513585     
  0.98751203816091937     
  0.98751388901027570     
  0.98751573986322627     
  0.98751759071975775     
  0.98751944157986482     
  0.98752129244355535     
  0.98752314331083002     
  0.98752499418167994     
  0.98752684505610566     
  0.98752869593410686     
  0.98753054681568730     
  0.98753239770083678     
  0.98753424858956129     
  0.98753609948185650     
  0.98753795037772152     
  0.98753980127715013     
  0.98754165218014178     
  0.98754350308670091     
  0.98754535399681997     
  0.98754720491049075     
  0.98754905582772390     
  0.98755090674850599     
  0.98755275767284001     
  0.98755460860071587     
  0.98755645953213733     
  0.98755831046710296     
  0.98756016140560610     
  0.98756201234763263     
  0.98756386329320478     
  0.98756571424229955     
  0.98756756519491928     
  0.98756941615105076     
  0.98757126711069765     
  0.98757311807386239     
  0.98757496904052944     
  0.98757682001070435     
  0.98757867098437135     
  0.98758052196154189     
  0.98758237294219475     
  0.98758422392633349     
  0.98758607491394890     
  0.98758792590504463     
  0.98758977689961258     
  0.98759162789763499     
  0.98759347889912807     
  0.98759532990406584     
  0.98759718091245097     
  0.98759903192428034     
  0.98760088293955461     
  0.98760273395824894     
  0.98760458498037607     
  0.98760643600591613     
  0.98760828703486769     
  0.98761013806721987     
  0.98761198910298675     
  0.98761384014213915     
  0.98761569118468362     
  0.98761754223058884     
  0.98761939327989379     
  0.98762124433254461     
  0.98762309538855475     
  0.98762494644792420     
  0.98762679751063021     
  0.98762864857667754     
  0.98763049964605154     
  0.98763235071875188     
  0.98763420179476802     
  0.98763605287408096     
  0.98763790395669548     
  0.98763975504259416     
  0.98764160613178054     
  0.98764345722424085     
  0.98764530831995878     
  0.98764715941894021     
  0.98764901052116616     
  0.98765086162663740     
  0.98765271273532895     
  0.98765456384724948     
  0.98765641496237977     
  0.98765826608071483     
  0.98766011720223790     
  0.98766196832694564     
  0.98766381945483583     
  0.98766567058590027     
  0.98766752172010264     
  0.98766937285745404     
  0.98767122399795415     
  0.98767307514157598     
  0.98767492628831355     
  0.98767677743816351     
  0.98767862859109967     
  0.98768047974713136     
  0.98768233090623592     
  0.98768418206841513     
  0.98768603323364157     
  0.98768788440190702     
  0.98768973557321327     
  0.98769158674754387     
  0.98769343792488706     
  0.98769528910523319     
  0.98769714028856592     
  0.98769899147487661     
  0.98770084266415892     
  0.98770269385639775     
  0.98770454505157979     
  0.98770639624970025     
  0.98770824745073715     
  0.98771009865469384     
  0.98771194986153732     
  0.98771380107127393     
  0.98771565228388603     
  0.98771750349936138     
  0.98771935471769201     
  0.98772120593885815     
  0.98772305716285247     
  0.98772490838966243     
  0.98772675961926593     
  0.98772861085166774     
  0.98773046208684123     
  0.98773231332478317     
  0.98773416456548191     
  0.98773601580891657     
  0.98773786705507660     
  0.98773971830394902     
  0.98774156955551951     
  0.98774342080978506     
  0.98774527206672125     
  0.98774712332631742     
  0.98774897458856337     
  0.98775082585344076     
  0.98775267712094794     
  0.98775452839105737     
  0.98775637966376617     
  0.98775823093905002     
  0.98776008221690337     
  0.98776193349731811     
  0.98776378478026106     
  0.98776563606573575     
  0.98776748735372366     
  0.98776933864420802     
  0.98777118993718038     
  0.98777304123261367     
  0.98777489253051298     
  0.98777674383084924     
  0.98777859513362409     
  0.98778044643879970     
  0.98778229774637516     
  0.98778414905633816     
