   0.0000000e+00   0.0000000e+00
   1.6440800e-02   8.2165559e-01
   3.2881600e-02   8.2165366e-01
   4.9322400e-02   8.2164977e-01
   6.5763200e-02   8.2165446e-01
   8.2204000e-02   8.2165762e-01
   9.8644800e-02   8.2165651e-01
   1.1508560e-01   8.2165542e-01
   1.3152640e-01   8.2165484e-01
   1.4796720e-01   8.2165732e-01
   1.6440800e-01   8.2166387e-01
   1.8084880e-01   8.2166713e-01
   1.9728960e-01   8.2166206e-01
   2.1373040e-01   8.2166442e-01
   2.3017120e-01   8.2166430e-01
   2.4661200e-01   8.2166788e-01
   2.6305280e-01   8.2166205e-01
   2.7949360e-01   8.2166721e-01
   2.9593440e-01   8.2166826e-01
   3.1237520e-01   8.2166397e-01
   3.2881600e-01   8.2166609e-01
   3.4525680e-01   8.2166056e-01
   3.6169760e-01   8.2166210e-01
   3.7813840e-01   8.2166061e-01
   3.9457920e-01   8.2165330e-01
   4.1102000e-01   8.2164906e-01
   4.2746080e-01   8.2164224e-01
   4.4390160e-01   8.2164351e-01
   4.6034240e-01   8.2164814e-01
   4.7678320e-01   8.2164595e-01
   4.9322400e-01   8.2163980e-01
   5.0966480e-01   8.2163976e-01
   5.2610560e-01   8.2164095e-01
   5.4254640e-01   8.2164177e-01
   5.5898720e-01   8.2163844e-01
   5.7542800e-01   8.2163601e-01
   5.9186880e-01   8.2164015e-01
   6.0830960e-01   8.2163710e-01
   6.2475040e-01   8.2163715e-01
   6.4119120e-01   8.2164264e-01
   6.5763200e-01   8.2164599e-01
   6.7407280e-01   8.2164200e-01
   6.9051360e-01   8.2164253e-01
   7.0695440e-01   8.2164300e-01
   7.2339520e-01   8.2164359e-01
   7.3983600e-01   8.2163863e-01
   7.5627680e-01   8.2163529e-01
   7.7271760e-01   8.2163319e-01
   7.8915840e-01   8.2163322e-01
   8.0559920e-01   8.2163083e-01
   8.2204000e-01   8.2163031e-01
   8.3848080e-01   8.2163038e-01
   8.5492160e-01   8.2163522e-01
   8.7136240e-01   8.2163871e-01
   8.8780320e-01   8.2164338e-01
   9.0424400e-01   8.2164468e-01
   9.2068480e-01   8.2165130e-01
   9.3712560e-01   8.2165480e-01
   9.5356640e-01   8.2164875e-01
   9.7000720e-01   8.2164623e-01
   9.8644800e-01   8.2164319e-01
   1.0028888e+00   8.2164256e-01
   1.0193296e+00   8.2164314e-01
   1.0357704e+00   8.2164616e-01
   1.0522112e+00   8.2165128e-01
   1.0686520e+00   8.2164906e-01
   1.0850928e+00   8.2164925e-01
   1.1015336e+00   8.2164920e-01
   1.1179744e+00   8.2165151e-01
   1.1344152e+00   8.2165301e-01
   1.1508560e+00   8.2165332e-01
   1.1672968e+00   8.2165652e-01
   1.1837376e+00   8.2165831e-01
   1.2001784e+00   8.2166025e-01
   1.2166192e+00   8.2165623e-01
   1.2330600e+00   8.2165531e-01
   1.2495008e+00   8.2164980e-01
   1.2659416e+00   8.2165399e-01
   1.2823824e+00   8.2164904e-01
   1.2988232e+00   8.2164852e-01
   1.3152640e+00   8.2164525e-01
   1.3317048e+00   8.2164583e-01
   1.3481456e+00   8.2164396e-01
   1.3645864e+00   8.2164407e-01
   1.3810272e+00   8.2164590e-01
   1.3974680e+00   8.2164896e-01
   1.4139088e+00   8.2164790e-01
   1.4303496e+00   8.2164632e-01
   1.4467904e+00   8.2164561e-01
   1.4632312e+00   8.2164486e-01
   1.4796720e+00   8.2164537e-01
   1.4961128e+00   8.2164785e-01
   1.5125536e+00   8.2165110e-01
   1.5289944e+00   8.2165045e-01
   1.5454352e+00   8.2165522e-01
   1.5618760e+00   8.2165676e-01
   1.5783168e+00   8.2165640e-01
   1.5947576e+00   8.2166006e-01
   1.6111984e+00   8.2165488e-01
   1.6276392e+00   8.2166238e-01
   1.6440800e+00   8.2166406e-01
   1.6605208e+00   8.2166218e-01
   1.6769616e+00   8.2165742e-01
   1.6934024e+00   8.2165383e-01
   1.7098432e+00   8.2165226e-01
   1.7262840e+00   8.2164435e-01
   1.7427248e+00   8.2164926e-01
   1.7591656e+00   8.2165012e-01
   1.7756064e+00   8.2164721e-01
   1.7920472e+00   8.2164765e-01
   1.8084880e+00   8.2165328e-01
   1.8249288e+00   8.2164705e-01
   1.8413696e+00   8.2165028e-01
   1.8578104e+00   8.2164864e-01
   1.8742512e+00   8.2164908e-01
   1.8906920e+00   8.2164758e-01
   1.9071328e+00   8.2164712e-01
   1.9235736e+00   8.2164522e-01
   1.9400144e+00   8.2164028e-01
   1.9564552e+00   8.2164868e-01
   1.9728960e+00   8.2164802e-01
   1.9893368e+00   8.2164268e-01
   2.0057776e+00   8.2164973e-01
   2.0222184e+00   8.2164524e-01
   2.0386592e+00   8.2164754e-01
   2.0551000e+00   8.2164823e-01
   2.0715408e+00   8.2164897e-01
   2.0879816e+00   8.2164602e-01
   2.1044224e+00   8.2164071e-01
   2.1208632e+00   8.2163987e-01
   2.1373040e+00   8.2163545e-01
   2.1537448e+00   8.2163056e-01
   2.1701856e+00   8.2162478e-01
   2.1866264e+00   8.2162067e-01
   2.2030672e+00   8.2162830e-01
   2.2195080e+00   8.2162837e-01
   2.2359488e+00   8.2162728e-01
   2.2523896e+00   8.2162982e-01
   2.2688304e+00   8.2163164e-01
   2.2852712e+00   8.2162656e-01
   2.3017120e+00   8.2163137e-01
   2.3181528e+00   8.2163583e-01
   2.3345936e+00   8.2163808e-01
   2.3510344e+00   8.2163514e-01
   2.3674752e+00   8.2164250e-01
   2.3839160e+00   8.2164400e-01
   2.4003568e+00   8.2164786e-01
   2.4167976e+00   8.2165321e-01
   2.4332384e+00   8.2165110e-01
   2.4496792e+00   8.2165422e-01
   2.4661200e+00   8.2165723e-01
   2.4825608e+00   8.2166252e-01
   2.4990016e+00   8.2165873e-01
   2.5154424e+00   8.2165408e-01
   2.5318832e+00   8.2165897e-01
   2.5483240e+00   8.2165749e-01
   2.5647648e+00   8.2165711e-01
   2.5812056e+00   8.2165962e-01
   2.5976464e+00   8.2166063e-01
   2.6140872e+00   8.2165946e-01
   2.6305280e+00   8.2166133e-01
   2.6469688e+00   8.2166535e-01
   2.6634096e+00   8.2165576e-01
   2.6798504e+00   8.2165338e-01
   2.6962912e+00   8.2165565e-01
   2.7127320e+00   8.2165709e-01
   2.7291728e+00   8.2165372e-01
   2.7456136e+00   8.2165290e-01
   2.7620544e+00   8.2164929e-01
   2.7784952e+00   8.2164651e-01
   2.7949360e+00   8.2165142e-01
   2.8113768e+00   8.2164526e-01
   2.8278176e+00   8.2164205e-01
   2.8442584e+00   8.2164181e-01
   2.8606992e+00   8.2163848e-01
   2.8771400e+00   8.2163921e-01
   2.8935808e+00   8.2163860e-01
   2.9100216e+00   8.2163172e-01
   2.9264624e+00   8.2163324e-01
   2.9429032e+00   8.2163138e-01
   2.9593440e+00   8.2162970e-01
   2.9757848e+00   8.2162949e-01
   2.9922256e+00   8.2162624e-01
   3.0086664e+00   8.2162198e-01
   3.0251072e+00   8.2162258e-01
   3.0415480e+00   8.2162219e-01
   3.0579888e+00   8.2161124e-01
   3.0744296e+00   8.2160852e-01
   3.0908704e+00   8.2160413e-01
   3.1073112e+00   8.2160497e-01
   3.1237520e+00   8.2160185e-01
   3.1401928e+00   8.2160158e-01
   3.1566336e+00   8.2160606e-01
   3.1730744e+00   8.2161081e-01
   3.1895152e+00   8.2161107e-01
   3.2059560e+00   8.2160830e-01
   3.2223968e+00   8.2161049e-01
   3.2388376e+00   8.2161043e-01
   3.2552784e+00   8.2160680e-01
   3.2717192e+00   8.2161201e-01
   3.2881600e+00   8.2161587e-01
   3.3046008e+00   8.2161324e-01
   3.3210416e+00   8.2161532e-01
   3.3374824e+00   8.2161286e-01
   3.3539232e+00   8.2161710e-01
   3.3703640e+00   8.2161506e-01
   3.3868048e+00   8.2162589e-01
   3.4032456e+00   8.2162978e-01
   3.4196864e+00   8.2163059e-01
   3.4361272e+00   8.2163144e-01
   3.4525680e+00   8.2163228e-01
   3.4690088e+00   8.2163754e-01
   3.4854496e+00   8.2164402e-01
   3.5018904e+00   8.2164198e-01
   3.5183312e+00   8.2164656e-01
   3.5347720e+00   8.2164559e-01
   3.5512128e+00   8.2164740e-01
   3.5676536e+00   8.2164661e-01
   3.5840944e+00   8.2164144e-01
   3.6005352e+00   8.2164027e-01
   3.6169760e+00   8.2164105e-01
   3.6334168e+00   8.2164762e-01
   3.6498576e+00   8.2165049e-01
   3.6662984e+00   8.2164960e-01
   3.6827392e+00   8.2164673e-01
   3.6991800e+00   8.2164275e-01
   3.7156208e+00   8.2165552e-01
   3.7320616e+00   8.2165648e-01
   3.7485024e+00   8.2165039e-01
   3.7649432e+00   8.2165031e-01
   3.7813840e+00   8.2164800e-01
   3.7978248e+00   8.2164455e-01
   3.8142656e+00   8.2164190e-01
   3.8307064e+00   8.2164308e-01
   3.8471472e+00   8.2164523e-01
   3.8635880e+00   8.2164196e-01
   3.8800288e+00   8.2164372e-01
   3.8964696e+00   8.2164609e-01
   3.9129104e+00   8.2164646e-01
   3.9293512e+00   8.2164252e-01
   3.9457920e+00   8.2164143e-01
   3.9622328e+00   8.2164441e-01
   3.9786736e+00   8.2164255e-01
   3.9951144e+00   8.2164643e-01
   4.0115552e+00   8.2165060e-01
   4.0279960e+00   8.2165204e-01
   4.0444368e+00   8.2165968e-01
   4.0608776e+00   8.2166882e-01
   4.0773184e+00   8.2166205e-01
   4.0937592e+00   8.2166119e-01
   4.1102000e+00   8.2165394e-01
   4.1266408e+00   8.2165379e-01
   4.1430816e+00   8.2165762e-01
   4.1595224e+00   8.2166398e-01
   4.1759632e+00   8.2165808e-01
   4.1924040e+00   8.2165326e-01
   4.2088448e+00   8.2165409e-01
   4.2252856e+00   8.2164478e-01
   4.2417264e+00   8.2164708e-01
   4.2581672e+00   8.2164201e-01
   4.2746080e+00   8.2164173e-01
   4.2910488e+00   8.2165003e-01
   4.3074896e+00   8.2164889e-01
   4.3239304e+00   8.2164876e-01
   4.3403712e+00   8.2165122e-01
   4.3568120e+00   8.2165111e-01
   4.3732528e+00   8.2165717e-01
   4.3896936e+00   8.2165279e-01
   4.4061344e+00   8.2165464e-01
   4.4225752e+00   8.2165761e-01
   4.4390160e+00   8.2165829e-01
   4.4554568e+00   8.2165264e-01
   4.4718976e+00   8.2165937e-01
   4.4883384e+00   8.2165312e-01
   4.5047792e+00   8.2165076e-01
   4.5212200e+00   8.2164794e-01
   4.5376608e+00   8.2164824e-01
   4.5541016e+00   8.2164618e-01
   4.5705424e+00   8.2164770e-01
   4.5869832e+00   8.2164600e-01
   4.6034240e+00   8.2164577e-01
   4.6198648e+00   8.2164929e-01
   4.6363056e+00   8.2164781e-01
   4.6527464e+00   8.2164730e-01
   4.6691872e+00   8.2164425e-01
   4.6856280e+00   8.2164595e-01
   4.7020688e+00   8.2164345e-01
   4.7185096e+00   8.2164341e-01
   4.7349504e+00   8.2163989e-01
   4.7513912e+00   8.2164771e-01
   4.7678320e+00   8.2164415e-01
   4.7842728e+00   8.2165429e-01
   4.8007136e+00   8.2165610e-01
   4.8171544e+00   8.2165583e-01
   4.8335952e+00   8.2165466e-01
   4.8500360e+00   8.2164713e-01
   4.8664768e+00   8.2164650e-01
   4.8829176e+00   8.2163814e-01
   4.8993584e+00   8.2163939e-01
   4.9157992e+00   8.2163409e-01
   4.9322400e+00   8.2163925e-01
   4.9486808e+00   8.2163763e-01
   4.9651216e+00   8.2163816e-01
   4.9815624e+00   8.2163314e-01
   4.9980032e+00   8.2162388e-01
   5.0144440e+00   8.2163103e-01
   5.0308848e+00   8.2163476e-01
   5.0473256e+00   8.2162642e-01
   5.0637664e+00   8.2162432e-01
   5.0802072e+00   8.2162169e-01
   5.0966480e+00   8.2162236e-01
   5.1130888e+00   8.2162509e-01
   5.1295296e+00   8.2162529e-01
   5.1459704e+00   8.2161998e-01
   5.1624112e+00   8.2161816e-01
   5.1788520e+00   8.2161799e-01
   5.1952928e+00   8.2162169e-01
   5.2117336e+00   8.2161861e-01
   5.2281744e+00   8.2161968e-01
   5.2446152e+00   8.2162463e-01
   5.2610560e+00   8.2161873e-01
   5.2774968e+00   8.2162506e-01
   5.2939376e+00   8.2162628e-01
   5.3103784e+00   8.2162792e-01
   5.3268192e+00   8.2163342e-01
   5.3432600e+00   8.2163068e-01
   5.3597008e+00   8.2162798e-01
   5.3761416e+00   8.2163148e-01
   5.3925824e+00   8.2162717e-01
   5.4090232e+00   8.2163235e-01
   5.4254640e+00   8.2163680e-01
   5.4419048e+00   8.2163917e-01
   5.4583456e+00   8.2163837e-01
   5.4747864e+00   8.2164045e-01
   5.4912272e+00   8.2164143e-01
   5.5076680e+00   8.2163934e-01
   5.5241088e+00   8.2163426e-01
   5.5405496e+00   8.2163981e-01
   5.5569904e+00   8.2163685e-01
   5.5734312e+00   8.2163207e-01
   5.5898720e+00   8.2163310e-01
   5.6063128e+00   8.2163123e-01
   5.6227536e+00   8.2163264e-01
   5.6391944e+00   8.2163025e-01
   5.6556352e+00   8.2162939e-01
   5.6720760e+00   8.2163540e-01
   5.6885168e+00   8.2164504e-01
   5.7049576e+00   8.2164223e-01
   5.7213984e+00   8.2163892e-01
   5.7378392e+00   8.2163106e-01
   5.7542800e+00   8.2163659e-01
   5.7707208e+00   8.2163773e-01
   5.7871616e+00   8.2163743e-01
   5.8036024e+00   8.2163631e-01
   5.8200432e+00   8.2163416e-01
   5.8364840e+00   8.2162687e-01
   5.8529248e+00   8.2162478e-01
   5.8693656e+00   8.2162432e-01
   5.8858064e+00   8.2162441e-01
   5.9022472e+00   8.2162002e-01
   5.9186880e+00   8.2162045e-01
   5.9351288e+00   8.2162210e-01
   5.9515696e+00   8.2161950e-01
   5.9680104e+00   8.2162443e-01
   5.9844512e+00   8.2162495e-01
   6.0008920e+00   8.2162816e-01
   6.0173328e+00   8.2162847e-01
   6.0337736e+00   8.2163268e-01
   6.0502144e+00   8.2163657e-01
   6.0666552e+00   8.2163266e-01
   6.0830960e+00   8.2163161e-01
   6.0995368e+00   8.2163676e-01
   6.1159776e+00   8.2164129e-01
   6.1324184e+00   8.2163377e-01
   6.1488592e+00   8.2163356e-01
   6.1653000e+00   8.2163209e-01
   6.1817408e+00   8.2163061e-01
   6.1981816e+00   8.2163059e-01
   6.2146224e+00   8.2163534e-01
   6.2310632e+00   8.2163335e-01
   6.2475040e+00   8.2163360e-01
   6.2639448e+00   8.2163163e-01
   6.2803856e+00   8.2163669e-01
   6.2968264e+00   8.2163728e-01
   6.3132672e+00   8.2163820e-01
   6.3297080e+00   8.2163773e-01
   6.3461488e+00   8.2163516e-01
   6.3625896e+00   8.2163642e-01
   6.3790304e+00   8.2163272e-01
   6.3954712e+00   8.2162855e-01
   6.4119120e+00   8.2162958e-01
   6.4283528e+00   8.2162881e-01
   6.4447936e+00   8.2162799e-01
   6.4612344e+00   8.2162698e-01
   6.4776752e+00   8.2162095e-01
   6.4941160e+00   8.2161710e-01
   6.5105568e+00   8.2161683e-01
   6.5269976e+00   8.2161625e-01
   6.5434384e+00   8.2161907e-01
   6.5598792e+00   8.2160912e-01
   6.5763200e+00   8.2160716e-01
   6.5927608e+00   8.2161149e-01
   6.6092016e+00   8.2161486e-01
   6.6256424e+00   8.2161476e-01
   6.6420832e+00   8.2161353e-01
   6.6585240e+00   8.2161313e-01
   6.6749648e+00   8.2161590e-01
   6.6914056e+00   8.2161186e-01
   6.7078464e+00   8.2161334e-01
   6.7242872e+00   8.2161361e-01
   6.7407280e+00   8.2161741e-01
   6.7571688e+00   8.2161041e-01
   6.7736096e+00   8.2161076e-01
   6.7900504e+00   8.2161478e-01
   6.8064912e+00   8.2161710e-01
   6.8229320e+00   8.2161847e-01
   6.8393728e+00   8.2162114e-01
   6.8558136e+00   8.2162305e-01
   6.8722544e+00   8.2162285e-01
   6.8886952e+00   8.2162035e-01
   6.9051360e+00   8.2161538e-01
   6.9215768e+00   8.2162074e-01
   6.9380176e+00   8.2161488e-01
   6.9544584e+00   8.2161845e-01
   6.9708992e+00   8.2161890e-01
   6.9873400e+00   8.2161778e-01
   7.0037808e+00   8.2162113e-01
   7.0202216e+00   8.2162067e-01
   7.0366624e+00   8.2161666e-01
   7.0531032e+00   8.2161945e-01
   7.0695440e+00   8.2161599e-01
   7.0859848e+00   8.2162421e-01
   7.1024256e+00   8.2162643e-01
   7.1188664e+00   8.2162995e-01
   7.1353072e+00   8.2162984e-01
   7.1517480e+00   8.2163223e-01
   7.1681888e+00   8.2163006e-01
   7.1846296e+00   8.2162982e-01
   7.2010704e+00   8.2163308e-01
   7.2175112e+00   8.2163057e-01
   7.2339520e+00   8.2162953e-01
   7.2503928e+00   8.2163008e-01
   7.2668336e+00   8.2163308e-01
   7.2832744e+00   8.2163180e-01
   7.2997152e+00   8.2163327e-01
   7.3161560e+00   8.2164145e-01
   7.3325968e+00   8.2164338e-01
   7.3490376e+00   8.2164394e-01
   7.3654784e+00   8.2164013e-01
   7.3819192e+00   8.2164184e-01
   7.3983600e+00   8.2163933e-01
   7.4148008e+00   8.2163577e-01
   7.4312416e+00   8.2163959e-01
   7.4476824e+00   8.2163766e-01
   7.4641232e+00   8.2164259e-01
   7.4805640e+00   8.2164534e-01
   7.4970048e+00   8.2165177e-01
   7.5134456e+00   8.2165649e-01
   7.5298864e+00   8.2166098e-01
   7.5463272e+00   8.2166317e-01
   7.5627680e+00   8.2166071e-01
   7.5792088e+00   8.2166327e-01
   7.5956496e+00   8.2165420e-01
   7.6120904e+00   8.2165286e-01
   7.6285312e+00   8.2165788e-01
   7.6449720e+00   8.2166408e-01
   7.6614128e+00   8.2166879e-01
   7.6778536e+00   8.2165876e-01
   7.6942944e+00   8.2166041e-01
   7.7107352e+00   8.2166291e-01
   7.7271760e+00   8.2166387e-01
   7.7436168e+00   8.2166125e-01
   7.7600576e+00   8.2166204e-01
   7.7764984e+00   8.2166023e-01
   7.7929392e+00   8.2166239e-01
   7.8093800e+00   8.2167089e-01
   7.8258208e+00   8.2166814e-01
   7.8422616e+00   8.2166845e-01
   7.8587024e+00   8.2167572e-01
   7.8751432e+00   8.2167020e-01
   7.8915840e+00   8.2166369e-01
   7.9080248e+00   8.2165919e-01
   7.9244656e+00   8.2165520e-01
   7.9409064e+00   8.2165509e-01
   7.9573472e+00   8.2165007e-01
   7.9737880e+00   8.2164633e-01
   7.9902288e+00   8.2164838e-01
   8.0066696e+00   8.2164792e-01
   8.0231104e+00   8.2165508e-01
   8.0395512e+00   8.2165340e-01
   8.0559920e+00   8.2164656e-01
   8.0724328e+00   8.2164701e-01
   8.0888736e+00   8.2164429e-01
   8.1053144e+00   8.2164310e-01
   8.1217552e+00   8.2165062e-01
   8.1381960e+00   8.2165208e-01
   8.1546368e+00   8.2165033e-01
   8.1710776e+00   8.2165182e-01
   8.1875184e+00   8.2164812e-01
   8.2039592e+00   8.2164648e-01
   8.2204000e+00   8.2165256e-01
   8.2368408e+00   8.2165527e-01
   8.2532816e+00   8.2165385e-01
   8.2697224e+00   8.2165177e-01
   8.2861632e+00   8.2165755e-01
   8.3026040e+00   8.2165276e-01
   8.3190448e+00   8.2164776e-01
   8.3354856e+00   8.2165082e-01
   8.3519264e+00   8.2164733e-01
   8.3683672e+00   8.2164609e-01
   8.3848080e+00   8.2164159e-01
   8.4012488e+00   8.2164446e-01
   8.4176896e+00   8.2164532e-01
   8.4341304e+00   8.2164211e-01
   8.4505712e+00   8.2164566e-01
   8.4670120e+00   8.2164691e-01
   8.4834528e+00   8.2164880e-01
   8.4998936e+00   8.2164701e-01
   8.5163344e+00   8.2165153e-01
   8.5327752e+00   8.2164896e-01
   8.5492160e+00   8.2164923e-01
   8.5656568e+00   8.2164996e-01
   8.5820976e+00   8.2165469e-01
   8.5985384e+00   8.2165120e-01
   8.6149792e+00   8.2164715e-01
   8.6314200e+00   8.2164226e-01
   8.6478608e+00   8.2164621e-01
   8.6643016e+00   8.2164618e-01
   8.6807424e+00   8.2164643e-01
   8.6971832e+00   8.2164779e-01
   8.7136240e+00   8.2164971e-01
   8.7300648e+00   8.2165320e-01
   8.7465056e+00   8.2165439e-01
   8.7629464e+00   8.2165239e-01
   8.7793872e+00   8.2165640e-01
   8.7958280e+00   8.2165091e-01
   8.8122688e+00   8.2165003e-01
   8.8287096e+00   8.2165555e-01
   8.8451504e+00   8.2165130e-01
   8.8615912e+00   8.2164837e-01
   8.8780320e+00   8.2164886e-01
   8.8944728e+00   8.2164678e-01
   8.9109136e+00   8.2164856e-01
   8.9273544e+00   8.2164887e-01
   8.9437952e+00   8.2165029e-01
   8.9602360e+00   8.2165458e-01
   8.9766768e+00   8.2164915e-01
   8.9931176e+00   8.2165024e-01
   9.0095584e+00   8.2164813e-01
   9.0259992e+00   8.2164829e-01
   9.0424400e+00   8.2164761e-01
   9.0588808e+00   8.2164232e-01
   9.0753216e+00   8.2164206e-01
   9.0917624e+00   8.2164719e-01
   9.1082032e+00   8.2164436e-01
   9.1246440e+00   8.2163710e-01
   9.1410848e+00   8.2163554e-01
   9.1575256e+00   8.2163350e-01
   9.1739664e+00   8.2163385e-01
   9.1904072e+00   8.2163574e-01
   9.2068480e+00   8.2163665e-01
   9.2232888e+00   8.2163419e-01
   9.2397296e+00   8.2162723e-01
   9.2561704e+00   8.2162932e-01
   9.2726112e+00   8.2162256e-01
   9.2890520e+00   8.2162166e-01
   9.3054928e+00   8.2162511e-01
   9.3219336e+00   8.2162165e-01
   9.3383744e+00   8.2162058e-01
   9.3548152e+00   8.2162695e-01
   9.3712560e+00   8.2163190e-01
   9.3876968e+00   8.2163384e-01
   9.4041376e+00   8.2163491e-01
   9.4205784e+00   8.2163759e-01
   9.4370192e+00   8.2163670e-01
   9.4534600e+00   8.2163670e-01
   9.4699008e+00   8.2163689e-01
   9.4863416e+00   8.2164147e-01
   9.5027824e+00   8.2163955e-01
   9.5192232e+00   8.2163976e-01
   9.5356640e+00   8.2164111e-01
   9.5521048e+00   8.2164798e-01
   9.5685456e+00   8.2164954e-01
   9.5849864e+00   8.2164895e-01
   9.6014272e+00   8.2164864e-01
   9.6178680e+00   8.2164712e-01
   9.6343088e+00   8.2165042e-01
   9.6507496e+00   8.2165015e-01
   9.6671904e+00   8.2164945e-01
   9.6836312e+00   8.2164818e-01
   9.7000720e+00   8.2165180e-01
   9.7165128e+00   8.2164807e-01
   9.7329536e+00   8.2164354e-01
   9.7493944e+00   8.2163813e-01
   9.7658352e+00   8.2163549e-01
   9.7822760e+00   8.2163719e-01
   9.7987168e+00   8.2163565e-01
   9.8151576e+00   8.2163739e-01
   9.8315984e+00   8.2163450e-01
   9.8480392e+00   8.2163386e-01
   9.8644800e+00   8.2163576e-01
   9.8809208e+00   8.2163328e-01
   9.8973616e+00   8.2163993e-01
   9.9138024e+00   8.2163941e-01
   9.9302432e+00   8.2164037e-01
   9.9466840e+00   8.2164719e-01
   9.9631248e+00   8.2164886e-01
   9.9795656e+00   8.2164843e-01
   9.9960064e+00   8.2164845e-01
   1.0012447e+01   8.2164965e-01
   1.0028888e+01   8.2165655e-01
   1.0045329e+01   8.2165754e-01
   1.0061770e+01   8.2165571e-01
   1.0078210e+01   8.2165131e-01
   1.0094651e+01   8.2165087e-01
   1.0111092e+01   8.2165276e-01
   1.0127533e+01   8.2165486e-01
   1.0143974e+01   8.2165426e-01
   1.0160414e+01   8.2165094e-01
   1.0176855e+01   8.2164759e-01
   1.0193296e+01   8.2164211e-01
   1.0209737e+01   8.2164366e-01
   1.0226178e+01   8.2164131e-01
   1.0242618e+01   8.2164930e-01
   1.0259059e+01   8.2164574e-01
   1.0275500e+01   8.2164969e-01
   1.0291941e+01   8.2164799e-01
   1.0308382e+01   8.2164661e-01
   1.0324822e+01   8.2164602e-01
   1.0341263e+01   8.2164250e-01
   1.0357704e+01   8.2164178e-01
   1.0374145e+01   8.2164802e-01
   1.0390586e+01   8.2164992e-01
   1.0407026e+01   8.2165043e-01
   1.0423467e+01   8.2165177e-01
   1.0439908e+01   8.2165078e-01
   1.0456349e+01   8.2164929e-01
   1.0472790e+01   8.2164859e-01
   1.0489230e+01   8.2164913e-01
   1.0505671e+01   8.2165005e-01
   1.0522112e+01   8.2164284e-01
   1.0538553e+01   8.2164330e-01
   1.0554994e+01   8.2163986e-01
   1.0571434e+01   8.2164133e-01
   1.0587875e+01   8.2163778e-01
   1.0604316e+01   8.2164265e-01
   1.0620757e+01   8.2164514e-01
   1.0637198e+01   8.2165225e-01
   1.0653638e+01   8.2165740e-01
   1.0670079e+01   8.2165715e-01
   1.0686520e+01   8.2165270e-01
   1.0702961e+01   8.2164889e-01
   1.0719402e+01   8.2164923e-01
   1.0735842e+01   8.2164876e-01
   1.0752283e+01   8.2165156e-01
   1.0768724e+01   8.2165174e-01
   1.0785165e+01   8.2165151e-01
   1.0801606e+01   8.2165310e-01
   1.0818046e+01   8.2165228e-01
   1.0834487e+01   8.2165172e-01
   1.0850928e+01   8.2165385e-01
   1.0867369e+01   8.2165467e-01
   1.0883810e+01   8.2165279e-01
   1.0900250e+01   8.2165300e-01
   1.0916691e+01   8.2165355e-01
   1.0933132e+01   8.2165497e-01
   1.0949573e+01   8.2165516e-01
   1.0966014e+01   8.2165584e-01
   1.0982454e+01   8.2165405e-01
   1.0998895e+01   8.2165712e-01
   1.1015336e+01   8.2165004e-01
   1.1031777e+01   8.2164999e-01
   1.1048218e+01   8.2164802e-01
   1.1064658e+01   8.2164525e-01
   1.1081099e+01   8.2164535e-01
   1.1097540e+01   8.2164956e-01
   1.1113981e+01   8.2164873e-01
   1.1130422e+01   8.2164794e-01
   1.1146862e+01   8.2164555e-01
   1.1163303e+01   8.2164293e-01
   1.1179744e+01   8.2164840e-01
   1.1196185e+01   8.2164798e-01
   1.1212626e+01   8.2165134e-01
   1.1229066e+01   8.2165101e-01
   1.1245507e+01   8.2165098e-01
   1.1261948e+01   8.2165012e-01
   1.1278389e+01   8.2165357e-01
   1.1294830e+01   8.2164853e-01
   1.1311270e+01   8.2164890e-01
   1.1327711e+01   8.2165208e-01
   1.1344152e+01   8.2165365e-01
   1.1360593e+01   8.2164949e-01
   1.1377034e+01   8.2164607e-01
   1.1393474e+01   8.2163686e-01
   1.1409915e+01   8.2163461e-01
   1.1426356e+01   8.2163409e-01
   1.1442797e+01   8.2163692e-01
   1.1459238e+01   8.2163893e-01
   1.1475678e+01   8.2163825e-01
   1.1492119e+01   8.2164584e-01
   1.1508560e+01   8.2164168e-01
   1.1525001e+01   8.2164449e-01
   1.1541442e+01   8.2164429e-01
   1.1557882e+01   8.2164788e-01
   1.1574323e+01   8.2164468e-01
   1.1590764e+01   8.2165525e-01
   1.1607205e+01   8.2165640e-01
   1.1623646e+01   8.2165658e-01
   1.1640086e+01   8.2165866e-01
   1.1656527e+01   8.2164342e-01
   1.1672968e+01   8.2164230e-01
   1.1689409e+01   8.2163962e-01
   1.1705850e+01   8.2163701e-01
   1.1722290e+01   8.2164088e-01
   1.1738731e+01   8.2164167e-01
   1.1755172e+01   8.2164148e-01
   1.1771613e+01   8.2164365e-01
   1.1788054e+01   8.2164183e-01
   1.1804494e+01   8.2164657e-01
   1.1820935e+01   8.2165010e-01
   1.1837376e+01   8.2165013e-01
   1.1853817e+01   8.2165027e-01
   1.1870258e+01   8.2164716e-01
   1.1886698e+01   8.2164851e-01
   1.1903139e+01   8.2164433e-01
   1.1919580e+01   8.2164029e-01
   1.1936021e+01   8.2163832e-01
   1.1952462e+01   8.2163872e-01
   1.1968902e+01   8.2163750e-01
   1.1985343e+01   8.2164125e-01
   1.2001784e+01   8.2164091e-01
   1.2018225e+01   8.2164112e-01
   1.2034666e+01   8.2165297e-01
   1.2051106e+01   8.2165033e-01
   1.2067547e+01   8.2164656e-01
   1.2083988e+01   8.2164880e-01
   1.2100429e+01   8.2165032e-01
   1.2116870e+01   8.2164927e-01
   1.2133310e+01   8.2165034e-01
   1.2149751e+01   8.2164977e-01
   1.2166192e+01   8.2164827e-01
   1.2182633e+01   8.2164440e-01
   1.2199074e+01   8.2163905e-01
   1.2215514e+01   8.2164042e-01
   1.2231955e+01   8.2164242e-01
   1.2248396e+01   8.2163866e-01
   1.2264837e+01   8.2164037e-01
   1.2281278e+01   8.2163870e-01
   1.2297718e+01   8.2163516e-01
   1.2314159e+01   8.2163691e-01
   1.2330600e+01   8.2164247e-01
   1.2347041e+01   8.2164021e-01
   1.2363482e+01   8.2164023e-01
   1.2379922e+01   8.2164127e-01
   1.2396363e+01   8.2163570e-01
   1.2412804e+01   8.2163778e-01
   1.2429245e+01   8.2164092e-01
   1.2445686e+01   8.2164036e-01
   1.2462126e+01   8.2163910e-01
   1.2478567e+01   8.2163488e-01
   1.2495008e+01   8.2163321e-01
   1.2511449e+01   8.2164170e-01
   1.2527890e+01   8.2163729e-01
   1.2544330e+01   8.2164166e-01
   1.2560771e+01   8.2164745e-01
   1.2577212e+01   8.2164861e-01
   1.2593653e+01   8.2164221e-01
   1.2610094e+01   8.2163812e-01
   1.2626534e+01   8.2163906e-01
   1.2642975e+01   8.2164047e-01
   1.2659416e+01   8.2163824e-01
   1.2675857e+01   8.2163817e-01
   1.2692298e+01   8.2164053e-01
   1.2708738e+01   8.2163660e-01
   1.2725179e+01   8.2163957e-01
   1.2741620e+01   8.2164308e-01
   1.2758061e+01   8.2164811e-01
   1.2774502e+01   8.2164444e-01
   1.2790942e+01   8.2163901e-01
   1.2807383e+01   8.2164015e-01
   1.2823824e+01   8.2163789e-01
   1.2840265e+01   8.2164161e-01
   1.2856706e+01   8.2164211e-01
   1.2873146e+01   8.2163929e-01
   1.2889587e+01   8.2164223e-01
   1.2906028e+01   8.2164690e-01
   1.2922469e+01   8.2164508e-01
   1.2938910e+01   8.2164674e-01
   1.2955350e+01   8.2164524e-01
   1.2971791e+01   8.2164607e-01
   1.2988232e+01   8.2164499e-01
   1.3004673e+01   8.2164953e-01
   1.3021114e+01   8.2164524e-01
   1.3037554e+01   8.2164942e-01
   1.3053995e+01   8.2164966e-01
   1.3070436e+01   8.2164889e-01
   1.3086877e+01   8.2165527e-01
   1.3103318e+01   8.2165970e-01
   1.3119758e+01   8.2165763e-01
   1.3136199e+01   8.2165479e-01
   1.3152640e+01   8.2165334e-01
   1.3169081e+01   8.2164946e-01
   1.3185522e+01   8.2164249e-01
   1.3201962e+01   8.2164041e-01
   1.3218403e+01   8.2163688e-01
   1.3234844e+01   8.2163483e-01
   1.3251285e+01   8.2163934e-01
   1.3267726e+01   8.2164192e-01
   1.3284166e+01   8.2164069e-01
   1.3300607e+01   8.2163920e-01
   1.3317048e+01   8.2164545e-01
   1.3333489e+01   8.2163764e-01
   1.3349930e+01   8.2163932e-01
   1.3366370e+01   8.2163425e-01
   1.3382811e+01   8.2163503e-01
   1.3399252e+01   8.2163710e-01
   1.3415693e+01   8.2163932e-01
   1.3432134e+01   8.2164033e-01
   1.3448574e+01   8.2164384e-01
   1.3465015e+01   8.2165216e-01
   1.3481456e+01   8.2165073e-01
   1.3497897e+01   8.2164980e-01
   1.3514338e+01   8.2165363e-01
   1.3530778e+01   8.2164833e-01
   1.3547219e+01   8.2164948e-01
   1.3563660e+01   8.2164812e-01
   1.3580101e+01   8.2165207e-01
   1.3596542e+01   8.2165334e-01
   1.3612982e+01   8.2165688e-01
   1.3629423e+01   8.2165662e-01
   1.3645864e+01   8.2165889e-01
   1.3662305e+01   8.2165352e-01
   1.3678746e+01   8.2165582e-01
   1.3695186e+01   8.2165590e-01
   1.3711627e+01   8.2165737e-01
   1.3728068e+01   8.2165050e-01
   1.3744509e+01   8.2165354e-01
   1.3760950e+01   8.2164788e-01
   1.3777390e+01   8.2164997e-01
   1.3793831e+01   8.2164988e-01
   1.3810272e+01   8.2164757e-01
   1.3826713e+01   8.2164004e-01
   1.3843154e+01   8.2164716e-01
   1.3859594e+01   8.2164124e-01
   1.3876035e+01   8.2164573e-01
   1.3892476e+01   8.2164619e-01
   1.3908917e+01   8.2164470e-01
   1.3925358e+01   8.2164637e-01
   1.3941798e+01   8.2164094e-01
   1.3958239e+01   8.2163923e-01
   1.3974680e+01   8.2164066e-01
   1.3991121e+01   8.2164385e-01
   1.4007562e+01   8.2164274e-01
   1.4024002e+01   8.2164157e-01
   1.4040443e+01   8.2164003e-01
   1.4056884e+01   8.2164013e-01
   1.4073325e+01   8.2163783e-01
   1.4089766e+01   8.2163476e-01
   1.4106206e+01   8.2162794e-01
   1.4122647e+01   8.2163002e-01
   1.4139088e+01   8.2163230e-01
   1.4155529e+01   8.2163352e-01
   1.4171970e+01   8.2163585e-01
   1.4188410e+01   8.2163785e-01
   1.4204851e+01   8.2163554e-01
   1.4221292e+01   8.2163825e-01
   1.4237733e+01   8.2164144e-01
   1.4254174e+01   8.2164094e-01
   1.4270614e+01   8.2163889e-01
   1.4287055e+01   8.2164150e-01
   1.4303496e+01   8.2164069e-01
   1.4319937e+01   8.2163876e-01
   1.4336378e+01   8.2163808e-01
   1.4352818e+01   8.2163559e-01
   1.4369259e+01   8.2163696e-01
   1.4385700e+01   8.2164187e-01
   1.4402141e+01   8.2164286e-01
   1.4418582e+01   8.2163818e-01
   1.4435022e+01   8.2164085e-01
   1.4451463e+01   8.2163885e-01
   1.4467904e+01   8.2164085e-01
   1.4484345e+01   8.2164179e-01
   1.4500786e+01   8.2164926e-01
   1.4517226e+01   8.2164935e-01
   1.4533667e+01   8.2165023e-01
   1.4550108e+01   8.2165351e-01
   1.4566549e+01   8.2165205e-01
   1.4582990e+01   8.2165022e-01
   1.4599430e+01   8.2165213e-01
   1.4615871e+01   8.2164696e-01
   1.4632312e+01   8.2164592e-01
   1.4648753e+01   8.2164361e-01
   1.4665194e+01   8.2164701e-01
   1.4681634e+01   8.2164470e-01
   1.4698075e+01   8.2163849e-01
   1.4714516e+01   8.2163892e-01
   1.4730957e+01   8.2163704e-01
   1.4747398e+01   8.2163743e-01
   1.4763838e+01   8.2164020e-01
   1.4780279e+01   8.2163815e-01
   1.4796720e+01   8.2163580e-01
   1.4813161e+01   8.2164129e-01
   1.4829602e+01   8.2163682e-01
   1.4846042e+01   8.2163634e-01
   1.4862483e+01   8.2163375e-01
   1.4878924e+01   8.2163346e-01
   1.4895365e+01   8.2163532e-01
   1.4911806e+01   8.2163885e-01
   1.4928246e+01   8.2164018e-01
   1.4944687e+01   8.2164335e-01
   1.4961128e+01   8.2164475e-01
   1.4977569e+01   8.2164580e-01
   1.4994010e+01   8.2164694e-01
   1.5010450e+01   8.2164805e-01
   1.5026891e+01   8.2165083e-01
   1.5043332e+01   8.2165559e-01
   1.5059773e+01   8.2165438e-01
   1.5076214e+01   8.2165694e-01
   1.5092654e+01   8.2165742e-01
   1.5109095e+01   8.2165372e-01
   1.5125536e+01   8.2165575e-01
   1.5141977e+01   8.2165128e-01
   1.5158418e+01   8.2165351e-01
   1.5174858e+01   8.2165527e-01
   1.5191299e+01   8.2165061e-01
   1.5207740e+01   8.2165541e-01
   1.5224181e+01   8.2165263e-01
   1.5240622e+01   8.2164712e-01
   1.5257062e+01   8.2165230e-01
   1.5273503e+01   8.2165380e-01
   1.5289944e+01   8.2165551e-01
   1.5306385e+01   8.2164944e-01
   1.5322826e+01   8.2165679e-01
   1.5339266e+01   8.2165066e-01
   1.5355707e+01   8.2165625e-01
   1.5372148e+01   8.2165545e-01
   1.5388589e+01   8.2165868e-01
   1.5405030e+01   8.2166152e-01
   1.5421470e+01   8.2165713e-01
   1.5437911e+01   8.2165861e-01
   1.5454352e+01   8.2165564e-01
   1.5470793e+01   8.2165223e-01
   1.5487234e+01   8.2165541e-01
   1.5503674e+01   8.2165600e-01
   1.5520115e+01   8.2165872e-01
   1.5536556e+01   8.2165862e-01
   1.5552997e+01   8.2165849e-01
   1.5569438e+01   8.2166457e-01
   1.5585878e+01   8.2166053e-01
   1.5602319e+01   8.2165748e-01
   1.5618760e+01   8.2165492e-01
   1.5635201e+01   8.2165136e-01
   1.5651642e+01   8.2165696e-01
   1.5668082e+01   8.2165498e-01
   1.5684523e+01   8.2165644e-01
   1.5700964e+01   8.2165356e-01
   1.5717405e+01   8.2165806e-01
   1.5733846e+01   8.2165902e-01
   1.5750286e+01   8.2165678e-01
   1.5766727e+01   8.2165492e-01
   1.5783168e+01   8.2165444e-01
   1.5799609e+01   8.2165447e-01
   1.5816050e+01   8.2165721e-01
   1.5832490e+01   8.2165484e-01
   1.5848931e+01   8.2165655e-01
   1.5865372e+01   8.2165112e-01
   1.5881813e+01   8.2164783e-01
   1.5898254e+01   8.2164545e-01
   1.5914694e+01   8.2164630e-01
   1.5931135e+01   8.2164769e-01
   1.5947576e+01   8.2164847e-01
   1.5964017e+01   8.2164433e-01
   1.5980458e+01   8.2165376e-01
   1.5996898e+01   8.2164886e-01
   1.6013339e+01   8.2164970e-01
   1.6029780e+01   8.2165233e-01
   1.6046221e+01   8.2164591e-01
   1.6062662e+01   8.2164766e-01
   1.6079102e+01   8.2165078e-01
   1.6095543e+01   8.2165331e-01
   1.6111984e+01   8.2165051e-01
   1.6128425e+01   8.2165354e-01
   1.6144866e+01   8.2165301e-01
   1.6161306e+01   8.2165720e-01
   1.6177747e+01   8.2165668e-01
   1.6194188e+01   8.2165507e-01
   1.6210629e+01   8.2164660e-01
   1.6227070e+01   8.2164334e-01
   1.6243510e+01   8.2165178e-01
   1.6259951e+01   8.2164748e-01
   1.6276392e+01   8.2164616e-01
   1.6292833e+01   8.2164327e-01
   1.6309274e+01   8.2163939e-01
   1.6325714e+01   8.2164089e-01
   1.6342155e+01   8.2164148e-01
   1.6358596e+01   8.2163775e-01
   1.6375037e+01   8.2163882e-01
   1.6391478e+01   8.2163637e-01
   1.6407918e+01   8.2163291e-01
   1.6424359e+01   8.2163496e-01
   1.6440800e+01   8.2163279e-01
   1.6457241e+01   8.2163097e-01
   1.6473682e+01   8.2162694e-01
   1.6490122e+01   8.2163333e-01
   1.6506563e+01   8.2164022e-01
   1.6523004e+01   8.2164057e-01
   1.6539445e+01   8.2164200e-01
   1.6555886e+01   8.2163836e-01
   1.6572326e+01   8.2163965e-01
   1.6588767e+01   8.2163205e-01
   1.6605208e+01   8.2162894e-01
   1.6621649e+01   8.2162933e-01
   1.6638090e+01   8.2162741e-01
   1.6654530e+01   8.2162548e-01
   1.6670971e+01   8.2162543e-01
   1.6687412e+01   8.2163321e-01
   1.6703853e+01   8.2163748e-01
   1.6720294e+01   8.2163199e-01
   1.6736734e+01   8.2162742e-01
   1.6753175e+01   8.2162786e-01
   1.6769616e+01   8.2163367e-01
   1.6786057e+01   8.2163685e-01
   1.6802498e+01   8.2163458e-01
   1.6818938e+01   8.2163513e-01
   1.6835379e+01   8.2163375e-01
   1.6851820e+01   8.2163301e-01
   1.6868261e+01   8.2163246e-01
   1.6884702e+01   8.2163455e-01
   1.6901142e+01   8.2163682e-01
   1.6917583e+01   8.2163518e-01
   1.6934024e+01   8.2163135e-01
   1.6950465e+01   8.2163108e-01
   1.6966906e+01   8.2163566e-01
   1.6983346e+01   8.2163653e-01
   1.6999787e+01   8.2163069e-01
   1.7016228e+01   8.2163006e-01
   1.7032669e+01   8.2162913e-01
   1.7049110e+01   8.2162544e-01
   1.7065550e+01   8.2162726e-01
   1.7081991e+01   8.2163379e-01
   1.7098432e+01   8.2163795e-01
   1.7114873e+01   8.2164209e-01
   1.7131314e+01   8.2164835e-01
   1.7147754e+01   8.2164915e-01
   1.7164195e+01   8.2164141e-01
   1.7180636e+01   8.2164348e-01
   1.7197077e+01   8.2164523e-01
   1.7213518e+01   8.2164649e-01
   1.7229958e+01   8.2164583e-01
   1.7246399e+01   8.2165034e-01
   1.7262840e+01   8.2164937e-01
   1.7279281e+01   8.2165295e-01
   1.7295722e+01   8.2165099e-01
   1.7312162e+01   8.2165440e-01
   1.7328603e+01   8.2165288e-01
   1.7345044e+01   8.2165378e-01
   1.7361485e+01   8.2165819e-01
   1.7377926e+01   8.2165525e-01
   1.7394366e+01   8.2165528e-01
   1.7410807e+01   8.2165345e-01
   1.7427248e+01   8.2165428e-01
   1.7443689e+01   8.2165738e-01
   1.7460130e+01   8.2165375e-01
   1.7476570e+01   8.2165214e-01
   1.7493011e+01   8.2164758e-01
   1.7509452e+01   8.2164890e-01
   1.7525893e+01   8.2165222e-01
   1.7542334e+01   8.2165043e-01
   1.7558774e+01   8.2165601e-01
   1.7575215e+01   8.2165804e-01
   1.7591656e+01   8.2165750e-01
   1.7608097e+01   8.2165564e-01
   1.7624538e+01   8.2165542e-01
   1.7640978e+01   8.2165971e-01
   1.7657419e+01   8.2165797e-01
   1.7673860e+01   8.2166100e-01
   1.7690301e+01   8.2166477e-01
   1.7706742e+01   8.2166472e-01
   1.7723182e+01   8.2166509e-01
   1.7739623e+01   8.2166813e-01
   1.7756064e+01   8.2166610e-01
   1.7772505e+01   8.2166689e-01
   1.7788946e+01   8.2166539e-01
   1.7805386e+01   8.2166154e-01
   1.7821827e+01   8.2165567e-01
   1.7838268e+01   8.2165093e-01
   1.7854709e+01   8.2165238e-01
   1.7871150e+01   8.2164817e-01
   1.7887590e+01   8.2165147e-01
   1.7904031e+01   8.2165667e-01
   1.7920472e+01   8.2165662e-01
   1.7936913e+01   8.2165604e-01
   1.7953354e+01   8.2165894e-01
   1.7969794e+01   8.2165597e-01
   1.7986235e+01   8.2164937e-01
   1.8002676e+01   8.2164786e-01
   1.8019117e+01   8.2165308e-01
   1.8035558e+01   8.2165495e-01
   1.8051998e+01   8.2165143e-01
   1.8068439e+01   8.2165150e-01
   1.8084880e+01   8.2165372e-01
   1.8101321e+01   8.2165717e-01
   1.8117762e+01   8.2165895e-01
   1.8134202e+01   8.2166411e-01
   1.8150643e+01   8.2166979e-01
   1.8167084e+01   8.2167265e-01
   1.8183525e+01   8.2167298e-01
   1.8199966e+01   8.2167743e-01
   1.8216406e+01   8.2167913e-01
   1.8232847e+01   8.2167869e-01
   1.8249288e+01   8.2167634e-01
   1.8265729e+01   8.2167318e-01
   1.8282170e+01   8.2167371e-01
   1.8298610e+01   8.2167087e-01
   1.8315051e+01   8.2166291e-01
   1.8331492e+01   8.2166257e-01
   1.8347933e+01   8.2166613e-01
   1.8364374e+01   8.2166233e-01
   1.8380814e+01   8.2166673e-01
   1.8397255e+01   8.2166850e-01
   1.8413696e+01   8.2166411e-01
   1.8430137e+01   8.2166461e-01
   1.8446578e+01   8.2167183e-01
   1.8463018e+01   8.2166630e-01
   1.8479459e+01   8.2166913e-01
   1.8495900e+01   8.2167172e-01
   1.8512341e+01   8.2167215e-01
   1.8528782e+01   8.2167205e-01
   1.8545222e+01   8.2167006e-01
   1.8561663e+01   8.2166846e-01
   1.8578104e+01   8.2166683e-01
   1.8594545e+01   8.2166662e-01
   1.8610986e+01   8.2166675e-01
   1.8627426e+01   8.2166993e-01
   1.8643867e+01   8.2166922e-01
   1.8660308e+01   8.2166345e-01
   1.8676749e+01   8.2166510e-01
   1.8693190e+01   8.2166676e-01
   1.8709630e+01   8.2166945e-01
   1.8726071e+01   8.2167011e-01
   1.8742512e+01   8.2166976e-01
   1.8758953e+01   8.2166844e-01
   1.8775394e+01   8.2166726e-01
   1.8791834e+01   8.2166904e-01
   1.8808275e+01   8.2167146e-01
   1.8824716e+01   8.2166435e-01
   1.8841157e+01   8.2167243e-01
   1.8857598e+01   8.2167734e-01
   1.8874038e+01   8.2168323e-01
   1.8890479e+01   8.2168323e-01
   1.8906920e+01   8.2168029e-01
   1.8923361e+01   8.2167805e-01
   1.8939802e+01   8.2167538e-01
   1.8956242e+01   8.2167398e-01
   1.8972683e+01   8.2167209e-01
   1.8989124e+01   8.2167991e-01
   1.9005565e+01   8.2167804e-01
   1.9022006e+01   8.2167070e-01
   1.9038446e+01   8.2166887e-01
   1.9054887e+01   8.2166295e-01
   1.9071328e+01   8.2166367e-01
   1.9087769e+01   8.2166358e-01
   1.9104210e+01   8.2166566e-01
   1.9120650e+01   8.2166113e-01
   1.9137091e+01   8.2166268e-01
   1.9153532e+01   8.2166395e-01
   1.9169973e+01   8.2166240e-01
   1.9186414e+01   8.2166276e-01
   1.9202854e+01   8.2166731e-01
   1.9219295e+01   8.2166551e-01
   1.9235736e+01   8.2167056e-01
   1.9252177e+01   8.2167848e-01
   1.9268618e+01   8.2167642e-01
   1.9285058e+01   8.2167758e-01
   1.9301499e+01   8.2166964e-01
   1.9317940e+01   8.2167267e-01
   1.9334381e+01   8.2167506e-01
   1.9350822e+01   8.2167786e-01
   1.9367262e+01   8.2167322e-01
   1.9383703e+01   8.2167636e-01
   1.9400144e+01   8.2167479e-01
   1.9416585e+01   8.2167392e-01
   1.9433026e+01   8.2167703e-01
   1.9449466e+01   8.2167665e-01
   1.9465907e+01   8.2167879e-01
   1.9482348e+01   8.2168714e-01
   1.9498789e+01   8.2168415e-01
   1.9515230e+01   8.2168396e-01
   1.9531670e+01   8.2167940e-01
   1.9548111e+01   8.2168182e-01
   1.9564552e+01   8.2168282e-01
   1.9580993e+01   8.2167870e-01
   1.9597434e+01   8.2167917e-01
   1.9613874e+01   8.2167674e-01
   1.9630315e+01   8.2167732e-01
   1.9646756e+01   8.2167314e-01
   1.9663197e+01   8.2167372e-01
   1.9679638e+01   8.2166974e-01
   1.9696078e+01   8.2167081e-01
   1.9712519e+01   8.2167011e-01
   1.9728960e+01   8.2166932e-01
   1.9745401e+01   8.2166483e-01
   1.9761842e+01   8.2165768e-01
   1.9778282e+01   8.2165430e-01
   1.9794723e+01   8.2165314e-01
   1.9811164e+01   8.2165064e-01
   1.9827605e+01   8.2164778e-01
   1.9844046e+01   8.2164400e-01
   1.9860486e+01   8.2164586e-01
   1.9876927e+01   8.2164896e-01
   1.9893368e+01   8.2164379e-01
   1.9909809e+01   8.2164387e-01
   1.9926250e+01   8.2164416e-01
   1.9942690e+01   8.2164592e-01
   1.9959131e+01   8.2164208e-01
   1.9975572e+01   8.2164116e-01
   1.9992013e+01   8.2164318e-01
   2.0008454e+01   8.2164866e-01
   2.0024894e+01   8.2165555e-01
   2.0041335e+01   8.2165468e-01
   2.0057776e+01   8.2165525e-01
   2.0074217e+01   8.2165464e-01
   2.0090658e+01   8.2165340e-01
   2.0107098e+01   8.2164952e-01
   2.0123539e+01   8.2165150e-01
   2.0139980e+01   8.2164885e-01
   2.0156421e+01   8.2165118e-01
   2.0172862e+01   8.2165326e-01
   2.0189302e+01   8.2164721e-01
   2.0205743e+01   8.2164042e-01
   2.0222184e+01   8.2163984e-01
   2.0238625e+01   8.2163872e-01
   2.0255066e+01   8.2163503e-01
   2.0271506e+01   8.2163527e-01
   2.0287947e+01   8.2163891e-01
   2.0304388e+01   8.2162791e-01
   2.0320829e+01   8.2162704e-01
   2.0337270e+01   8.2163021e-01
   2.0353710e+01   8.2163541e-01
   2.0370151e+01   8.2163872e-01
   2.0386592e+01   8.2163792e-01
   2.0403033e+01   8.2163379e-01
   2.0419474e+01   8.2163479e-01
   2.0435914e+01   8.2163256e-01
   2.0452355e+01   8.2163564e-01
   2.0468796e+01   8.2163370e-01
   2.0485237e+01   8.2164498e-01
   2.0501678e+01   8.2164519e-01
   2.0518118e+01   8.2163968e-01
   2.0534559e+01   8.2163192e-01
   2.0551000e+01   8.2163445e-01
   2.0567441e+01   8.2163733e-01
   2.0583882e+01   8.2163596e-01
   2.0600322e+01   8.2163189e-01
   2.0616763e+01   8.2163363e-01
   2.0633204e+01   8.2163365e-01
   2.0649645e+01   8.2163570e-01
   2.0666086e+01   8.2164024e-01
   2.0682526e+01   8.2164038e-01
   2.0698967e+01   8.2163544e-01
   2.0715408e+01   8.2164282e-01
   2.0731849e+01   8.2164058e-01
   2.0748290e+01   8.2163469e-01
   2.0764730e+01   8.2163369e-01
   2.0781171e+01   8.2162881e-01
   2.0797612e+01   8.2163382e-01
   2.0814053e+01   8.2163443e-01
   2.0830494e+01   8.2163197e-01
   2.0846934e+01   8.2163151e-01
   2.0863375e+01   8.2163454e-01
   2.0879816e+01   8.2163775e-01
   2.0896257e+01   8.2163419e-01
   2.0912698e+01   8.2163661e-01
   2.0929138e+01   8.2163959e-01
   2.0945579e+01   8.2164483e-01
   2.0962020e+01   8.2163918e-01
   2.0978461e+01   8.2163460e-01
   2.0994902e+01   8.2163487e-01
   2.1011342e+01   8.2163266e-01
   2.1027783e+01   8.2163107e-01
   2.1044224e+01   8.2163342e-01
   2.1060665e+01   8.2163420e-01
   2.1077106e+01   8.2163730e-01
   2.1093546e+01   8.2163651e-01
   2.1109987e+01   8.2163605e-01
   2.1126428e+01   8.2163719e-01
   2.1142869e+01   8.2163681e-01
   2.1159310e+01   8.2164219e-01
   2.1175750e+01   8.2164460e-01
   2.1192191e+01   8.2163961e-01
   2.1208632e+01   8.2164504e-01
   2.1225073e+01   8.2164177e-01
   2.1241514e+01   8.2163591e-01
   2.1257954e+01   8.2163364e-01
   2.1274395e+01   8.2163737e-01
   2.1290836e+01   8.2163976e-01
   2.1307277e+01   8.2164001e-01
   2.1323718e+01   8.2163275e-01
   2.1340158e+01   8.2163388e-01
   2.1356599e+01   8.2163871e-01
   2.1373040e+01   8.2163633e-01
   2.1389481e+01   8.2163785e-01
   2.1405922e+01   8.2164064e-01
   2.1422362e+01   8.2164224e-01
   2.1438803e+01   8.2164012e-01
   2.1455244e+01   8.2164297e-01
   2.1471685e+01   8.2164511e-01
   2.1488126e+01   8.2164514e-01
   2.1504566e+01   8.2164738e-01
   2.1521007e+01   8.2164607e-01
   2.1537448e+01   8.2164749e-01
   2.1553889e+01   8.2165465e-01
   2.1570330e+01   8.2165218e-01
   2.1586770e+01   8.2165228e-01
   2.1603211e+01   8.2165384e-01
   2.1619652e+01   8.2165474e-01
   2.1636093e+01   8.2165604e-01
   2.1652534e+01   8.2166322e-01
   2.1668974e+01   8.2166497e-01
   2.1685415e+01   8.2166260e-01
   2.1701856e+01   8.2166243e-01
   2.1718297e+01   8.2166678e-01
   2.1734738e+01   8.2166943e-01
   2.1751178e+01   8.2166408e-01
   2.1767619e+01   8.2166406e-01
   2.1784060e+01   8.2165941e-01
   2.1800501e+01   8.2165783e-01
   2.1816942e+01   8.2165630e-01
   2.1833382e+01   8.2165826e-01
   2.1849823e+01   8.2166259e-01
   2.1866264e+01   8.2165787e-01
   2.1882705e+01   8.2165957e-01
   2.1899146e+01   8.2165802e-01
   2.1915586e+01   8.2166170e-01
   2.1932027e+01   8.2166353e-01
   2.1948468e+01   8.2166969e-01
   2.1964909e+01   8.2167011e-01
   2.1981350e+01   8.2167430e-01
   2.1997790e+01   8.2166914e-01
   2.2014231e+01   8.2166567e-01
   2.2030672e+01   8.2166363e-01
   2.2047113e+01   8.2165708e-01
   2.2063554e+01   8.2165200e-01
   2.2079994e+01   8.2165668e-01
   2.2096435e+01   8.2165280e-01
   2.2112876e+01   8.2165529e-01
   2.2129317e+01   8.2165320e-01
   2.2145758e+01   8.2165359e-01
   2.2162198e+01   8.2165690e-01
   2.2178639e+01   8.2165262e-01
   2.2195080e+01   8.2165072e-01
   2.2211521e+01   8.2164686e-01
   2.2227962e+01   8.2165210e-01
   2.2244402e+01   8.2164609e-01
   2.2260843e+01   8.2164893e-01
   2.2277284e+01   8.2164785e-01
   2.2293725e+01   8.2164170e-01
   2.2310166e+01   8.2164146e-01
   2.2326606e+01   8.2163686e-01
   2.2343047e+01   8.2163613e-01
   2.2359488e+01   8.2163622e-01
   2.2375929e+01   8.2163959e-01
   2.2392370e+01   8.2163985e-01
   2.2408810e+01   8.2164157e-01
   2.2425251e+01   8.2163999e-01
   2.2441692e+01   8.2164330e-01
   2.2458133e+01   8.2164541e-01
   2.2474574e+01   8.2164532e-01
   2.2491014e+01   8.2164268e-01
   2.2507455e+01   8.2164033e-01
   2.2523896e+01   8.2164584e-01
   2.2540337e+01   8.2164203e-01
   2.2556778e+01   8.2164608e-01
   2.2573218e+01   8.2164486e-01
   2.2589659e+01   8.2164375e-01
   2.2606100e+01   8.2164022e-01
   2.2622541e+01   8.2163961e-01
   2.2638982e+01   8.2164152e-01
   2.2655422e+01   8.2164080e-01
   2.2671863e+01   8.2163427e-01
   2.2688304e+01   8.2163890e-01
   2.2704745e+01   8.2163848e-01
   2.2721186e+01   8.2163037e-01
   2.2737626e+01   8.2162927e-01
   2.2754067e+01   8.2162317e-01
   2.2770508e+01   8.2162553e-01
   2.2786949e+01   8.2162437e-01
   2.2803390e+01   8.2162209e-01
   2.2819830e+01   8.2162780e-01
   2.2836271e+01   8.2163040e-01
   2.2852712e+01   8.2163487e-01
   2.2869153e+01   8.2163134e-01
   2.2885594e+01   8.2163254e-01
   2.2902034e+01   8.2163140e-01
   2.2918475e+01   8.2163451e-01
   2.2934916e+01   8.2163868e-01
   2.2951357e+01   8.2163171e-01
   2.2967798e+01   8.2162647e-01
   2.2984238e+01   8.2162538e-01
   2.3000679e+01   8.2162733e-01
   2.3017120e+01   8.2162540e-01
   2.3033561e+01   8.2163256e-01
   2.3050002e+01   8.2163451e-01
   2.3066442e+01   8.2163895e-01
   2.3082883e+01   8.2163759e-01
   2.3099324e+01   8.2164135e-01
   2.3115765e+01   8.2163526e-01
   2.3132206e+01   8.2163318e-01
   2.3148646e+01   8.2163479e-01
   2.3165087e+01   8.2162941e-01
   2.3181528e+01   8.2163035e-01
   2.3197969e+01   8.2162708e-01
   2.3214410e+01   8.2162555e-01
   2.3230850e+01   8.2162963e-01
   2.3247291e+01   8.2163419e-01
   2.3263732e+01   8.2163701e-01
   2.3280173e+01   8.2163857e-01
   2.3296614e+01   8.2163647e-01
   2.3313054e+01   8.2164206e-01
   2.3329495e+01   8.2164562e-01
   2.3345936e+01   8.2164731e-01
   2.3362377e+01   8.2164587e-01
   2.3378818e+01   8.2164790e-01
   2.3395258e+01   8.2165242e-01
   2.3411699e+01   8.2165266e-01
   2.3428140e+01   8.2165223e-01
   2.3444581e+01   8.2165191e-01
   2.3461022e+01   8.2164656e-01
   2.3477462e+01   8.2164473e-01
   2.3493903e+01   8.2164210e-01
   2.3510344e+01   8.2164789e-01
   2.3526785e+01   8.2163727e-01
   2.3543226e+01   8.2163927e-01
   2.3559666e+01   8.2163256e-01
   2.3576107e+01   8.2162596e-01
   2.3592548e+01   8.2163151e-01
   2.3608989e+01   8.2163306e-01
   2.3625430e+01   8.2163209e-01
   2.3641870e+01   8.2162543e-01
   2.3658311e+01   8.2162993e-01
   2.3674752e+01   8.2163385e-01
   2.3691193e+01   8.2163352e-01
   2.3707634e+01   8.2164031e-01
   2.3724074e+01   8.2163546e-01
   2.3740515e+01   8.2163874e-01
   2.3756956e+01   8.2163580e-01
   2.3773397e+01   8.2164145e-01
   2.3789838e+01   8.2163688e-01
   2.3806278e+01   8.2164000e-01
   2.3822719e+01   8.2165097e-01
   2.3839160e+01   8.2165433e-01
   2.3855601e+01   8.2165324e-01
   2.3872042e+01   8.2164954e-01
   2.3888482e+01   8.2164659e-01
   2.3904923e+01   8.2164693e-01
   2.3921364e+01   8.2165075e-01
   2.3937805e+01   8.2165173e-01
   2.3954246e+01   8.2164288e-01
   2.3970686e+01   8.2165402e-01
   2.3987127e+01   8.2165583e-01
   2.4003568e+01   8.2165645e-01
   2.4020009e+01   8.2165832e-01
   2.4036450e+01   8.2165849e-01
   2.4052890e+01   8.2165742e-01
   2.4069331e+01   8.2166418e-01
   2.4085772e+01   8.2166318e-01
   2.4102213e+01   8.2166648e-01
   2.4118654e+01   8.2167008e-01
   2.4135094e+01   8.2167019e-01
   2.4151535e+01   8.2167106e-01
   2.4167976e+01   8.2167650e-01
   2.4184417e+01   8.2167674e-01
   2.4200858e+01   8.2167430e-01
   2.4217298e+01   8.2167489e-01
   2.4233739e+01   8.2167906e-01
   2.4250180e+01   8.2167665e-01
   2.4266621e+01   8.2167535e-01
   2.4283062e+01   8.2168211e-01
   2.4299502e+01   8.2168198e-01
   2.4315943e+01   8.2168026e-01
   2.4332384e+01   8.2167614e-01
   2.4348825e+01   8.2167420e-01
   2.4365266e+01   8.2167552e-01
   2.4381706e+01   8.2167123e-01
   2.4398147e+01   8.2167128e-01
   2.4414588e+01   8.2166866e-01
   2.4431029e+01   8.2166263e-01
   2.4447470e+01   8.2166268e-01
   2.4463910e+01   8.2166453e-01
   2.4480351e+01   8.2166571e-01
   2.4496792e+01   8.2166743e-01
   2.4513233e+01   8.2166682e-01
   2.4529674e+01   8.2166921e-01
   2.4546114e+01   8.2166319e-01
   2.4562555e+01   8.2165962e-01
   2.4578996e+01   8.2165872e-01
   2.4595437e+01   8.2165880e-01
   2.4611878e+01   8.2165797e-01
   2.4628318e+01   8.2165751e-01
   2.4644759e+01   8.2165307e-01
   2.4661200e+01   8.2165318e-01
   2.4677641e+01   8.2165563e-01
   2.4694082e+01   8.2165775e-01
   2.4710522e+01   8.2165565e-01
   2.4726963e+01   8.2165380e-01
   2.4743404e+01   8.2165144e-01
   2.4759845e+01   8.2164921e-01
   2.4776286e+01   8.2164591e-01
   2.4792726e+01   8.2164272e-01
   2.4809167e+01   8.2164373e-01
   2.4825608e+01   8.2164668e-01
   2.4842049e+01   8.2165080e-01
   2.4858490e+01   8.2165382e-01
   2.4874930e+01   8.2164737e-01
   2.4891371e+01   8.2164810e-01
   2.4907812e+01   8.2164814e-01
   2.4924253e+01   8.2165224e-01
   2.4940694e+01   8.2165129e-01
   2.4957134e+01   8.2164288e-01
   2.4973575e+01   8.2164554e-01
   2.4990016e+01   8.2164868e-01
   2.5006457e+01   8.2164999e-01
   2.5022898e+01   8.2165174e-01
   2.5039338e+01   8.2165329e-01
   2.5055779e+01   8.2165006e-01
   2.5072220e+01   8.2165022e-01
   2.5088661e+01   8.2165299e-01
   2.5105102e+01   8.2165529e-01
   2.5121542e+01   8.2165144e-01
   2.5137983e+01   8.2164871e-01
   2.5154424e+01   8.2164784e-01
   2.5170865e+01   8.2164687e-01
   2.5187306e+01   8.2164702e-01
   2.5203746e+01   8.2164340e-01
   2.5220187e+01   8.2164140e-01
   2.5236628e+01   8.2163876e-01
   2.5253069e+01   8.2164154e-01
   2.5269510e+01   8.2164366e-01
   2.5285950e+01   8.2164237e-01
   2.5302391e+01   8.2164227e-01
   2.5318832e+01   8.2163603e-01
   2.5335273e+01   8.2163971e-01
   2.5351714e+01   8.2163649e-01
   2.5368154e+01   8.2163765e-01
   2.5384595e+01   8.2164108e-01
   2.5401036e+01   8.2164055e-01
   2.5417477e+01   8.2164297e-01
   2.5433918e+01   8.2164020e-01
   2.5450358e+01   8.2163350e-01
   2.5466799e+01   8.2163364e-01
   2.5483240e+01   8.2163383e-01
   2.5499681e+01   8.2163502e-01
   2.5516122e+01   8.2164038e-01
   2.5532562e+01   8.2164177e-01
   2.5549003e+01   8.2164414e-01
   2.5565444e+01   8.2164531e-01
   2.5581885e+01   8.2164602e-01
   2.5598326e+01   8.2164547e-01
   2.5614766e+01   8.2164333e-01
   2.5631207e+01   8.2164119e-01
   2.5647648e+01   8.2164545e-01
   2.5664089e+01   8.2164548e-01
   2.5680530e+01   8.2164890e-01
   2.5696970e+01   8.2165168e-01
   2.5713411e+01   8.2165355e-01
   2.5729852e+01   8.2165446e-01
   2.5746293e+01   8.2164738e-01
   2.5762734e+01   8.2164716e-01
   2.5779174e+01   8.2164143e-01
   2.5795615e+01   8.2163836e-01
   2.5812056e+01   8.2163523e-01
   2.5828497e+01   8.2163616e-01
   2.5844938e+01   8.2163114e-01
   2.5861378e+01   8.2163304e-01
   2.5877819e+01   8.2163324e-01
   2.5894260e+01   8.2163474e-01
   2.5910701e+01   8.2163215e-01
   2.5927142e+01   8.2163192e-01
   2.5943582e+01   8.2163025e-01
   2.5960023e+01   8.2162755e-01
   2.5976464e+01   8.2162545e-01
   2.5992905e+01   8.2163583e-01
   2.6009346e+01   8.2164011e-01
   2.6025786e+01   8.2164198e-01
   2.6042227e+01   8.2165013e-01
   2.6058668e+01   8.2164993e-01
   2.6075109e+01   8.2164872e-01
   2.6091550e+01   8.2165018e-01
   2.6107990e+01   8.2165173e-01
   2.6124431e+01   8.2165067e-01
   2.6140872e+01   8.2165199e-01
   2.6157313e+01   8.2165409e-01
   2.6173754e+01   8.2165868e-01
   2.6190194e+01   8.2165365e-01
   2.6206635e+01   8.2165969e-01
   2.6223076e+01   8.2166460e-01
   2.6239517e+01   8.2166619e-01
   2.6255958e+01   8.2166487e-01
   2.6272398e+01   8.2166202e-01
   2.6288839e+01   8.2166179e-01
   2.6305280e+01   8.2166139e-01
   2.6321721e+01   8.2166065e-01
   2.6338162e+01   8.2166324e-01
   2.6354602e+01   8.2166500e-01
   2.6371043e+01   8.2166844e-01
   2.6387484e+01   8.2166541e-01
   2.6403925e+01   8.2165902e-01
   2.6420366e+01   8.2165782e-01
   2.6436806e+01   8.2165849e-01
   2.6453247e+01   8.2165850e-01
   2.6469688e+01   8.2165935e-01
   2.6486129e+01   8.2165200e-01
   2.6502570e+01   8.2165724e-01
   2.6519010e+01   8.2165893e-01
   2.6535451e+01   8.2165885e-01
   2.6551892e+01   8.2166449e-01
   2.6568333e+01   8.2166531e-01
   2.6584774e+01   8.2166165e-01
   2.6601214e+01   8.2166052e-01
   2.6617655e+01   8.2165872e-01
   2.6634096e+01   8.2166099e-01
   2.6650537e+01   8.2166594e-01
   2.6666978e+01   8.2166515e-01
   2.6683418e+01   8.2166141e-01
   2.6699859e+01   8.2166423e-01
   2.6716300e+01   8.2166343e-01
   2.6732741e+01   8.2166537e-01
   2.6749182e+01   8.2166833e-01
   2.6765622e+01   8.2167059e-01
   2.6782063e+01   8.2167333e-01
   2.6798504e+01   8.2166910e-01
   2.6814945e+01   8.2166875e-01
   2.6831386e+01   8.2166222e-01
   2.6847826e+01   8.2165580e-01
   2.6864267e+01   8.2166132e-01
   2.6880708e+01   8.2166021e-01
   2.6897149e+01   8.2166015e-01
   2.6913590e+01   8.2165915e-01
   2.6930030e+01   8.2165595e-01
   2.6946471e+01   8.2165957e-01
   2.6962912e+01   8.2165848e-01
   2.6979353e+01   8.2166199e-01
   2.6995794e+01   8.2166570e-01
   2.7012234e+01   8.2166548e-01
   2.7028675e+01   8.2166905e-01
   2.7045116e+01   8.2166698e-01
   2.7061557e+01   8.2166837e-01
   2.7077998e+01   8.2166900e-01
   2.7094438e+01   8.2166386e-01
   2.7110879e+01   8.2166259e-01
   2.7127320e+01   8.2165827e-01
   2.7143761e+01   8.2165781e-01
   2.7160202e+01   8.2165280e-01
   2.7176642e+01   8.2165783e-01
   2.7193083e+01   8.2165581e-01
   2.7209524e+01   8.2165820e-01
   2.7225965e+01   8.2165789e-01
   2.7242406e+01   8.2166091e-01
   2.7258846e+01   8.2165729e-01
   2.7275287e+01   8.2165536e-01
   2.7291728e+01   8.2166068e-01
   2.7308169e+01   8.2166372e-01
   2.7324610e+01   8.2166517e-01
   2.7341050e+01   8.2166962e-01
   2.7357491e+01   8.2167502e-01
   2.7373932e+01   8.2167533e-01
   2.7390373e+01   8.2167571e-01
   2.7406814e+01   8.2167664e-01
   2.7423254e+01   8.2167743e-01
   2.7439695e+01   8.2167565e-01
   2.7456136e+01   8.2167313e-01
   2.7472577e+01   8.2166568e-01
   2.7489018e+01   8.2166411e-01
   2.7505458e+01   8.2166128e-01
   2.7521899e+01   8.2166085e-01
   2.7538340e+01   8.2166492e-01
   2.7554781e+01   8.2166816e-01
   2.7571222e+01   8.2166752e-01
   2.7587662e+01   8.2166875e-01
   2.7604103e+01   8.2167274e-01
   2.7620544e+01   8.2166909e-01
   2.7636985e+01   8.2167688e-01
   2.7653426e+01   8.2167833e-01
   2.7669866e+01   8.2168041e-01
   2.7686307e+01   8.2168048e-01
   2.7702748e+01   8.2167656e-01
   2.7719189e+01   8.2168618e-01
   2.7735630e+01   8.2169147e-01
   2.7752070e+01   8.2168501e-01
   2.7768511e+01   8.2168507e-01
   2.7784952e+01   8.2168831e-01
   2.7801393e+01   8.2168535e-01
   2.7817834e+01   8.2168470e-01
   2.7834274e+01   8.2168792e-01
   2.7850715e+01   8.2169023e-01
   2.7867156e+01   8.2168308e-01
   2.7883597e+01   8.2168314e-01
   2.7900038e+01   8.2167926e-01
   2.7916478e+01   8.2168340e-01
   2.7932919e+01   8.2167806e-01
   2.7949360e+01   8.2167259e-01
   2.7965801e+01   8.2167426e-01
   2.7982242e+01   8.2166864e-01
   2.7998682e+01   8.2166913e-01
   2.8015123e+01   8.2166438e-01
   2.8031564e+01   8.2165972e-01
   2.8048005e+01   8.2166645e-01
   2.8064446e+01   8.2167767e-01
   2.8080886e+01   8.2167846e-01
   2.8097327e+01   8.2168253e-01
   2.8113768e+01   8.2167841e-01
   2.8130209e+01   8.2168318e-01
   2.8146650e+01   8.2168102e-01
   2.8163090e+01   8.2167544e-01
   2.8179531e+01   8.2168112e-01
   2.8195972e+01   8.2168230e-01
   2.8212413e+01   8.2168443e-01
   2.8228854e+01   8.2168113e-01
   2.8245294e+01   8.2167798e-01
   2.8261735e+01   8.2167762e-01
   2.8278176e+01   8.2167659e-01
   2.8294617e+01   8.2167920e-01
   2.8311058e+01   8.2168403e-01
   2.8327498e+01   8.2168250e-01
   2.8343939e+01   8.2168419e-01
   2.8360380e+01   8.2168605e-01
   2.8376821e+01   8.2168620e-01
   2.8393262e+01   8.2168621e-01
   2.8409702e+01   8.2168378e-01
   2.8426143e+01   8.2167975e-01
   2.8442584e+01   8.2167889e-01
   2.8459025e+01   8.2167710e-01
   2.8475466e+01   8.2167274e-01
   2.8491906e+01   8.2167142e-01
   2.8508347e+01   8.2167127e-01
   2.8524788e+01   8.2167401e-01
   2.8541229e+01   8.2166613e-01
   2.8557670e+01   8.2166660e-01
   2.8574110e+01   8.2166562e-01
   2.8590551e+01   8.2166725e-01
   2.8606992e+01   8.2166533e-01
   2.8623433e+01   8.2166127e-01
   2.8639874e+01   8.2165741e-01
   2.8656314e+01   8.2165887e-01
   2.8672755e+01   8.2165917e-01
   2.8689196e+01   8.2165881e-01
   2.8705637e+01   8.2165577e-01
   2.8722078e+01   8.2165628e-01
   2.8738518e+01   8.2165509e-01
   2.8754959e+01   8.2166479e-01
   2.8771400e+01   8.2166362e-01
   2.8787841e+01   8.2166112e-01
   2.8804282e+01   8.2165382e-01
   2.8820722e+01   8.2164689e-01
   2.8837163e+01   8.2165590e-01
   2.8853604e+01   8.2165453e-01
   2.8870045e+01   8.2165508e-01
   2.8886486e+01   8.2165746e-01
   2.8902926e+01   8.2165360e-01
   2.8919367e+01   8.2165702e-01
   2.8935808e+01   8.2165933e-01
   2.8952249e+01   8.2166081e-01
   2.8968690e+01   8.2165528e-01
   2.8985130e+01   8.2165171e-01
   2.9001571e+01   8.2165009e-01
   2.9018012e+01   8.2164745e-01
   2.9034453e+01   8.2165021e-01
   2.9050894e+01   8.2165431e-01
   2.9067334e+01   8.2165115e-01
   2.9083775e+01   8.2165618e-01
   2.9100216e+01   8.2165684e-01
   2.9116657e+01   8.2165939e-01
   2.9133098e+01   8.2165999e-01
   2.9149538e+01   8.2165940e-01
   2.9165979e+01   8.2165934e-01
   2.9182420e+01   8.2165843e-01
   2.9198861e+01   8.2165189e-01
   2.9215302e+01   8.2165174e-01
   2.9231742e+01   8.2165544e-01
   2.9248183e+01   8.2165615e-01
   2.9264624e+01   8.2165229e-01
   2.9281065e+01   8.2164918e-01
   2.9297506e+01   8.2164791e-01
   2.9313946e+01   8.2164884e-01
   2.9330387e+01   8.2165048e-01
   2.9346828e+01   8.2165907e-01
   2.9363269e+01   8.2165565e-01
   2.9379710e+01   8.2164528e-01
   2.9396150e+01   8.2164296e-01
   2.9412591e+01   8.2164502e-01
   2.9429032e+01   8.2164354e-01
   2.9445473e+01   8.2163778e-01
   2.9461914e+01   8.2163965e-01
   2.9478354e+01   8.2164035e-01
   2.9494795e+01   8.2163775e-01
   2.9511236e+01   8.2164196e-01
   2.9527677e+01   8.2164398e-01
   2.9544118e+01   8.2164523e-01
   2.9560558e+01   8.2164583e-01
   2.9576999e+01   8.2164796e-01
   2.9593440e+01   8.2164663e-01
   2.9609881e+01   8.2164939e-01
   2.9626322e+01   8.2164923e-01
   2.9642762e+01   8.2165314e-01
   2.9659203e+01   8.2165483e-01
   2.9675644e+01   8.2165867e-01
   2.9692085e+01   8.2165725e-01
   2.9708526e+01   8.2165178e-01
   2.9724966e+01   8.2165226e-01
   2.9741407e+01   8.2164990e-01
   2.9757848e+01   8.2164738e-01
   2.9774289e+01   8.2164447e-01
   2.9790730e+01   8.2164752e-01
   2.9807170e+01   8.2164199e-01
   2.9823611e+01   8.2163948e-01
   2.9840052e+01   8.2164013e-01
   2.9856493e+01   8.2164350e-01
   2.9872934e+01   8.2164441e-01
   2.9889374e+01   8.2163811e-01
   2.9905815e+01   8.2163346e-01
   2.9922256e+01   8.2163536e-01
   2.9938697e+01   8.2162842e-01
   2.9955138e+01   8.2162549e-01
   2.9971578e+01   8.2162896e-01
   2.9988019e+01   8.2162449e-01
   3.0004460e+01   8.2162505e-01
   3.0020901e+01   8.2162311e-01
   3.0037342e+01   8.2162130e-01
   3.0053782e+01   8.2162141e-01
   3.0070223e+01   8.2162133e-01
   3.0086664e+01   8.2161691e-01
   3.0103105e+01   8.2161826e-01
   3.0119546e+01   8.2161965e-01
   3.0135986e+01   8.2162473e-01
   3.0152427e+01   8.2163029e-01
   3.0168868e+01   8.2163251e-01
   3.0185309e+01   8.2162900e-01
   3.0201750e+01   8.2162794e-01
   3.0218190e+01   8.2163021e-01
   3.0234631e+01   8.2162987e-01
   3.0251072e+01   8.2162530e-01
   3.0267513e+01   8.2163508e-01
   3.0283954e+01   8.2164210e-01
   3.0300394e+01   8.2164358e-01
   3.0316835e+01   8.2164674e-01
   3.0333276e+01   8.2164609e-01
   3.0349717e+01   8.2164390e-01
   3.0366158e+01   8.2164337e-01
   3.0382598e+01   8.2163986e-01
   3.0399039e+01   8.2164335e-01
   3.0415480e+01   8.2164337e-01
   3.0431921e+01   8.2164757e-01
   3.0448362e+01   8.2164260e-01
   3.0464802e+01   8.2164730e-01
   3.0481243e+01   8.2165488e-01
   3.0497684e+01   8.2165486e-01
   3.0514125e+01   8.2165195e-01
   3.0530566e+01   8.2165273e-01
   3.0547006e+01   8.2165361e-01
   3.0563447e+01   8.2165354e-01
   3.0579888e+01   8.2165202e-01
   3.0596329e+01   8.2165515e-01
   3.0612770e+01   8.2165626e-01
   3.0629210e+01   8.2165655e-01
   3.0645651e+01   8.2165298e-01
   3.0662092e+01   8.2165693e-01
   3.0678533e+01   8.2165746e-01
   3.0694974e+01   8.2165785e-01
   3.0711414e+01   8.2164809e-01
   3.0727855e+01   8.2164958e-01
   3.0744296e+01   8.2164931e-01
   3.0760737e+01   8.2164705e-01
   3.0777178e+01   8.2165058e-01
   3.0793618e+01   8.2164773e-01
   3.0810059e+01   8.2165074e-01
   3.0826500e+01   8.2165163e-01
   3.0842941e+01   8.2165247e-01
   3.0859382e+01   8.2165184e-01
   3.0875822e+01   8.2165103e-01
   3.0892263e+01   8.2164830e-01
   3.0908704e+01   8.2164653e-01
   3.0925145e+01   8.2164752e-01
   3.0941586e+01   8.2165000e-01
   3.0958026e+01   8.2164834e-01
   3.0974467e+01   8.2164561e-01
   3.0990908e+01   8.2164419e-01
   3.1007349e+01   8.2164113e-01
   3.1023790e+01   8.2163904e-01
   3.1040230e+01   8.2164012e-01
   3.1056671e+01   8.2163959e-01
   3.1073112e+01   8.2164050e-01
   3.1089553e+01   8.2163501e-01
   3.1105994e+01   8.2163070e-01
   3.1122434e+01   8.2162987e-01
   3.1138875e+01   8.2162682e-01
   3.1155316e+01   8.2162585e-01
   3.1171757e+01   8.2162225e-01
   3.1188198e+01   8.2161751e-01
   3.1204638e+01   8.2161867e-01
   3.1221079e+01   8.2162460e-01
   3.1237520e+01   8.2163059e-01
   3.1253961e+01   8.2162699e-01
   3.1270402e+01   8.2162790e-01
   3.1286842e+01   8.2162829e-01
   3.1303283e+01   8.2162942e-01
   3.1319724e+01   8.2163349e-01
   3.1336165e+01   8.2163030e-01
   3.1352606e+01   8.2163233e-01
   3.1369046e+01   8.2162978e-01
   3.1385487e+01   8.2163298e-01
   3.1401928e+01   8.2163210e-01
   3.1418369e+01   8.2163587e-01
   3.1434810e+01   8.2163259e-01
   3.1451250e+01   8.2163958e-01
   3.1467691e+01   8.2163963e-01
   3.1484132e+01   8.2163973e-01
   3.1500573e+01   8.2164658e-01
   3.1517014e+01   8.2163974e-01
   3.1533454e+01   8.2163320e-01
   3.1549895e+01   8.2162702e-01
   3.1566336e+01   8.2162259e-01
   3.1582777e+01   8.2162303e-01
   3.1599218e+01   8.2162441e-01
   3.1615658e+01   8.2162428e-01
   3.1632099e+01   8.2162229e-01
   3.1648540e+01   8.2162521e-01
   3.1664981e+01   8.2162422e-01
   3.1681422e+01   8.2162965e-01
   3.1697862e+01   8.2162896e-01
   3.1714303e+01   8.2162786e-01
   3.1730744e+01   8.2162717e-01
   3.1747185e+01   8.2163008e-01
   3.1763626e+01   8.2162497e-01
   3.1780066e+01   8.2162570e-01
   3.1796507e+01   8.2162303e-01
   3.1812948e+01   8.2161713e-01
   3.1829389e+01   8.2162106e-01
   3.1845830e+01   8.2162604e-01
   3.1862270e+01   8.2163039e-01
   3.1878711e+01   8.2162457e-01
   3.1895152e+01   8.2162521e-01
   3.1911593e+01   8.2162934e-01
   3.1928034e+01   8.2163152e-01
   3.1944474e+01   8.2163194e-01
   3.1960915e+01   8.2163577e-01
   3.1977356e+01   8.2163574e-01
   3.1993797e+01   8.2163848e-01
   3.2010238e+01   8.2163861e-01
   3.2026678e+01   8.2164128e-01
   3.2043119e+01   8.2164513e-01
   3.2059560e+01   8.2164528e-01
   3.2076001e+01   8.2164391e-01
   3.2092442e+01   8.2164668e-01
   3.2108882e+01   8.2164948e-01
   3.2125323e+01   8.2164406e-01
   3.2141764e+01   8.2164713e-01
   3.2158205e+01   8.2164790e-01
   3.2174646e+01   8.2165245e-01
   3.2191086e+01   8.2165406e-01
   3.2207527e+01   8.2165234e-01
   3.2223968e+01   8.2165530e-01
   3.2240409e+01   8.2165693e-01
   3.2256850e+01   8.2165881e-01
   3.2273290e+01   8.2165781e-01
   3.2289731e+01   8.2165901e-01
   3.2306172e+01   8.2166245e-01
   3.2322613e+01   8.2165801e-01
   3.2339054e+01   8.2165569e-01
   3.2355494e+01   8.2165464e-01
   3.2371935e+01   8.2165267e-01
   3.2388376e+01   8.2164973e-01
   3.2404817e+01   8.2164762e-01
   3.2421258e+01   8.2164910e-01
   3.2437698e+01   8.2164990e-01
   3.2454139e+01   8.2164920e-01
   3.2470580e+01   8.2164755e-01
   3.2487021e+01   8.2164460e-01
   3.2503462e+01   8.2164456e-01
   3.2519902e+01   8.2164889e-01
   3.2536343e+01   8.2165310e-01
   3.2552784e+01   8.2165765e-01
   3.2569225e+01   8.2165486e-01
   3.2585666e+01   8.2165765e-01
   3.2602106e+01   8.2165929e-01
   3.2618547e+01   8.2165661e-01
   3.2634988e+01   8.2166145e-01
   3.2651429e+01   8.2165282e-01
   3.2667870e+01   8.2165324e-01
   3.2684310e+01   8.2165279e-01
   3.2700751e+01   8.2165305e-01
   3.2717192e+01   8.2165168e-01
   3.2733633e+01   8.2164963e-01
   3.2750074e+01   8.2164264e-01
   3.2766514e+01   8.2164154e-01
   3.2782955e+01   8.2163654e-01
   3.2799396e+01   8.2163275e-01
   3.2815837e+01   8.2163904e-01
   3.2832278e+01   8.2163606e-01
   3.2848718e+01   8.2164097e-01
   3.2865159e+01   8.2164410e-01
   3.2881600e+01   8.2164402e-01
