   0.0000000e+00   0.0000000e+00
   1.6441478e-02   1.0270691e+00
   3.2882957e-02   1.0270662e+00
   4.9324435e-02   1.0270608e+00
   6.5765913e-02   1.0270659e+00
   8.2207391e-02   1.0270696e+00
   9.8648870e-02   1.0270678e+00
   1.1509035e-01   1.0270661e+00
   1.3153183e-01   1.0270649e+00
   1.4797330e-01   1.0270676e+00
   1.6441478e-01   1.0270756e+00
   1.8085626e-01   1.0270798e+00
   1.9729774e-01   1.0270736e+00
   2.1373922e-01   1.0270765e+00
   2.3018070e-01   1.0270764e+00
   2.4662217e-01   1.0270812e+00
   2.6306365e-01   1.0270740e+00
   2.7950513e-01   1.0270807e+00
   2.9594661e-01   1.0270823e+00
   3.1238809e-01   1.0270773e+00
   3.2882957e-01   1.0270802e+00
   3.4527104e-01   1.0270734e+00
   3.6171252e-01   1.0270753e+00
   3.7815400e-01   1.0270737e+00
   3.9459548e-01   1.0270642e+00
   4.1103696e-01   1.0270582e+00
   4.2747844e-01   1.0270487e+00
   4.4391991e-01   1.0270491e+00
   4.6036139e-01   1.0270538e+00
   4.7680287e-01   1.0270499e+00
   4.9324435e-01   1.0270408e+00
   5.0968583e-01   1.0270392e+00
   5.2612730e-01   1.0270390e+00
   5.4256878e-01   1.0270384e+00
   5.5901026e-01   1.0270325e+00
   5.7545174e-01   1.0270276e+00
   5.9189322e-01   1.0270308e+00
   6.0833470e-01   1.0270250e+00
   6.2477617e-01   1.0270230e+00
   6.4121765e-01   1.0270278e+00
   6.5765913e-01   1.0270302e+00
   6.7410061e-01   1.0270234e+00
   6.9054209e-01   1.0270222e+00
   7.0698357e-01   1.0270207e+00
   7.2342504e-01   1.0270196e+00
   7.3986652e-01   1.0270112e+00
   7.5630800e-01   1.0270046e+00
   7.7274948e-01   1.0269991e+00
   7.8919096e-01   1.0269962e+00
   8.0563244e-01   1.0269900e+00
   8.2207391e-01   1.0269861e+00
   8.3851539e-01   1.0269828e+00
   8.5495687e-01   1.0269857e+00
   8.7139835e-01   1.0269870e+00
   8.8783983e-01   1.0269900e+00
   9.0428131e-01   1.0269890e+00
   9.2072278e-01   1.0269948e+00
   9.3716426e-01   1.0269969e+00
   9.5360574e-01   1.0269869e+00
   9.7004722e-01   1.0269811e+00
   9.8648870e-01   1.0269744e+00
   1.0029302e+00   1.0269707e+00
   1.0193717e+00   1.0269681e+00
   1.0358131e+00   1.0269686e+00
   1.0522546e+00   1.0269720e+00
   1.0686961e+00   1.0269662e+00
   1.0851376e+00   1.0269631e+00
   1.1015790e+00   1.0269599e+00
   1.1180205e+00   1.0269595e+00
   1.1344620e+00   1.0269583e+00
   1.1509035e+00   1.0269554e+00
   1.1673450e+00   1.0269561e+00
   1.1837864e+00   1.0269552e+00
   1.2002279e+00   1.0269545e+00
   1.2166694e+00   1.0269463e+00
   1.2331109e+00   1.0269416e+00
   1.2495523e+00   1.0269310e+00
   1.2659938e+00   1.0269322e+00
   1.2824353e+00   1.0269221e+00
   1.2988768e+00   1.0269172e+00
   1.3153183e+00   1.0269086e+00
   1.3317597e+00   1.0269044e+00
   1.3482012e+00   1.0268972e+00
   1.3646427e+00   1.0268923e+00
   1.3810842e+00   1.0268894e+00
   1.3975257e+00   1.0268882e+00
   1.4139671e+00   1.0268818e+00
   1.4304086e+00   1.0268745e+00
   1.4468501e+00   1.0268680e+00
   1.4632916e+00   1.0268614e+00
   1.4797330e+00   1.0268561e+00
   1.4961745e+00   1.0268533e+00
   1.5126160e+00   1.0268514e+00
   1.5290575e+00   1.0268447e+00
   1.5454990e+00   1.0268447e+00
   1.5619404e+00   1.0268407e+00
   1.5783819e+00   1.0268343e+00
   1.5948234e+00   1.0268329e+00
   1.6112649e+00   1.0268203e+00
   1.6277063e+00   1.0268234e+00
   1.6441478e+00   1.0268194e+00
   1.6605893e+00   1.0268108e+00
   1.6770308e+00   1.0267981e+00
   1.6934723e+00   1.0267866e+00
   1.7099137e+00   1.0267771e+00
   1.7263552e+00   1.0267594e+00
   1.7427967e+00   1.0267572e+00
   1.7592382e+00   1.0267500e+00
   1.7756797e+00   1.0267379e+00
   1.7921211e+00   1.0267296e+00
   1.8085626e+00   1.0267279e+00
   1.8250041e+00   1.0267112e+00
   1.8414456e+00   1.0267060e+00
   1.8578870e+00   1.0266944e+00
   1.8743285e+00   1.0266851e+00
   1.8907700e+00   1.0266730e+00
   1.9072115e+00   1.0266620e+00
   1.9236530e+00   1.0266487e+00
   1.9400944e+00   1.0266314e+00
   1.9565359e+00   1.0266304e+00
   1.9729774e+00   1.0266181e+00
   1.9894189e+00   1.0265995e+00
   2.0058604e+00   1.0265961e+00
   2.0223018e+00   1.0265781e+00
   2.0387433e+00   1.0265681e+00
   2.0551848e+00   1.0265559e+00
   2.0716263e+00   1.0265435e+00
   2.0880677e+00   1.0265261e+00
   2.1045092e+00   1.0265051e+00
   2.1209507e+00   1.0264891e+00
   2.1373922e+00   1.0264681e+00
   2.1538337e+00   1.0264461e+00
   2.1702751e+00   1.0264220e+00
   2.1867166e+00   1.0263993e+00
   2.2031581e+00   1.0263909e+00
   2.2195996e+00   1.0263730e+00
   2.2360410e+00   1.0263531e+00
   2.2524825e+00   1.0263373e+00
   2.2689240e+00   1.0263202e+00
   2.2853655e+00   1.0262941e+00
   2.3018070e+00   1.0262797e+00
   2.3182484e+00   1.0262647e+00
   2.3346899e+00   1.0262467e+00
   2.3511314e+00   1.0262218e+00
   2.3675729e+00   1.0262091e+00
   2.3840144e+00   1.0261892e+00
   2.4004558e+00   1.0261717e+00
   2.4168973e+00   1.0261559e+00
   2.4333388e+00   1.0261302e+00
   2.4497803e+00   1.0261107e+00
   2.4662217e+00   1.0260905e+00
   2.4826632e+00   1.0260730e+00
   2.4991047e+00   1.0260435e+00
   2.5155462e+00   1.0260123e+00
   2.5319877e+00   1.0259923e+00
   2.5484291e+00   1.0259638e+00
   2.5648706e+00   1.0259359e+00
   2.5813121e+00   1.0259111e+00
   2.5977536e+00   1.0258839e+00
   2.6141950e+00   1.0258534e+00
   2.6306365e+00   1.0258257e+00
   2.6470780e+00   1.0258003e+00
   2.6635195e+00   1.0257571e+00
   2.6799610e+00   1.0257217e+00
   2.6964024e+00   1.0256913e+00
   2.7128439e+00   1.0256592e+00
   2.7292854e+00   1.0256202e+00
   2.7457269e+00   1.0255834e+00
   2.7621684e+00   1.0255420e+00
   2.7786098e+00   1.0255007e+00
   2.7950513e+00   1.0254681e+00
   2.8114928e+00   1.0254208e+00
   2.8279343e+00   1.0253759e+00
   2.8443757e+00   1.0253336e+00
   2.8608172e+00   1.0252864e+00
   2.8772587e+00   1.0252431e+00
   2.8937002e+00   1.0251972e+00
   2.9101417e+00   1.0251421e+00
   2.9265831e+00   1.0250962e+00
   2.9430246e+00   1.0250450e+00
   2.9594661e+00   1.0249926e+00
   2.9759076e+00   1.0249408e+00
   2.9923490e+00   1.0248838e+00
   3.0087905e+00   1.0248244e+00
   3.0252320e+00   1.0247693e+00
   3.0416735e+00   1.0247119e+00
   3.0581150e+00   1.0246396e+00
   3.0745564e+00   1.0245757e+00
   3.0909979e+00   1.0245080e+00
   3.1074394e+00   1.0244452e+00
   3.1238809e+00   1.0243761e+00
   3.1403224e+00   1.0243089e+00
   3.1567638e+00   1.0242460e+00
   3.1732053e+00   1.0241822e+00
   3.1896468e+00   1.0241113e+00
   3.2060883e+00   1.0240351e+00
   3.2225297e+00   1.0239633e+00
   3.2389712e+00   1.0238871e+00
   3.2554127e+00   1.0238046e+00
   3.2718542e+00   1.0237312e+00
   3.2882957e+00   1.0236546e+00
   3.3047371e+00   1.0235682e+00
   3.3211786e+00   1.0234858e+00
   3.3376201e+00   1.0233958e+00
   3.3540616e+00   1.0233120e+00
   3.3705030e+00   1.0232186e+00
   3.3869445e+00   1.0231393e+00
   3.4033860e+00   1.0230498e+00
   3.4198275e+00   1.0229546e+00
   3.4362690e+00   1.0228573e+00
   3.4527104e+00   1.0227578e+00
   3.4691519e+00   1.0226619e+00
   3.4855934e+00   1.0225654e+00
   3.5020349e+00   1.0224563e+00
   3.5184764e+00   1.0223529e+00
   3.5349178e+00   1.0222404e+00
   3.5513593e+00   1.0221289e+00
   3.5678008e+00   1.0220116e+00
   3.5842423e+00   1.0218863e+00
   3.6006837e+00   1.0217632e+00
   3.6171252e+00   1.0216397e+00
   3.6335667e+00   1.0215210e+00
   3.6500082e+00   1.0213951e+00
   3.6664497e+00   1.0212619e+00
   3.6828911e+00   1.0211232e+00
   3.6993326e+00   1.0209802e+00
   3.7157741e+00   1.0208551e+00
   3.7322156e+00   1.0207127e+00
   3.7486570e+00   1.0205584e+00
   3.7650985e+00   1.0204084e+00
   3.7815400e+00   1.0202523e+00
   3.7979815e+00   1.0200914e+00
   3.8144230e+00   1.0199281e+00
   3.8308644e+00   1.0197661e+00
   3.8473059e+00   1.0196021e+00
   3.8637474e+00   1.0194279e+00
   3.8801889e+00   1.0192563e+00
   3.8966304e+00   1.0190821e+00
   3.9130718e+00   1.0189018e+00
   3.9295133e+00   1.0187124e+00
   3.9459548e+00   1.0185227e+00
   3.9623963e+00   1.0183343e+00
   3.9788377e+00   1.0181361e+00
   3.9952792e+00   1.0179410e+00
   4.0117207e+00   1.0177427e+00
   4.0281622e+00   1.0175372e+00
   4.0446037e+00   1.0173356e+00
   4.0610451e+00   1.0171322e+00
   4.0774866e+00   1.0169051e+00
   4.0939281e+00   1.0166808e+00
   4.1103696e+00   1.0164443e+00
   4.1268110e+00   1.0162118e+00
   4.1432525e+00   1.0159798e+00
   4.1596940e+00   1.0157468e+00
   4.1761355e+00   1.0154945e+00
   4.1925770e+00   1.0152386e+00
   4.2090184e+00   1.0149849e+00
   4.2254599e+00   1.0147139e+00
   4.2419014e+00   1.0144522e+00
   4.2583429e+00   1.0141768e+00
   4.2747844e+00   1.0139022e+00
   4.2912258e+00   1.0136334e+00
   4.3076673e+00   1.0133485e+00
   4.3241088e+00   1.0130599e+00
   4.3405503e+00   1.0127694e+00
   4.3569917e+00   1.0124709e+00
   4.3734332e+00   1.0121750e+00
   4.3898747e+00   1.0118613e+00
   4.4063162e+00   1.0115500e+00
   4.4227577e+00   1.0112349e+00
   4.4391991e+00   1.0109121e+00
   4.4556406e+00   1.0105762e+00
   4.4720821e+00   1.0102500e+00
   4.4885236e+00   1.0099028e+00
   4.5049650e+00   1.0095548e+00
   4.5214065e+00   1.0092006e+00
   4.5378480e+00   1.0088448e+00
   4.5542895e+00   1.0084806e+00
   4.5707310e+00   1.0081155e+00
   4.5871724e+00   1.0077409e+00
   4.6036139e+00   1.0073626e+00
   4.6200554e+00   1.0069835e+00
   4.6364969e+00   1.0065929e+00
   4.6529384e+00   1.0061979e+00
   4.6693798e+00   1.0057943e+00
   4.6858213e+00   1.0053908e+00
   4.7022628e+00   1.0049768e+00
   4.7187043e+00   1.0045603e+00
   4.7351457e+00   1.0041340e+00
   4.7515872e+00   1.0037159e+00
   4.7680287e+00   1.0032787e+00
   4.7844702e+00   1.0028528e+00
   4.8009117e+00   1.0024118e+00
   4.8173531e+00   1.0019629e+00
   4.8337946e+00   1.0015077e+00
   4.8502361e+00   1.0010391e+00
   4.8666776e+00   1.0005735e+00
   4.8831190e+00   1.0000932e+00
   4.8995605e+00   9.9961886e-01
   4.9160020e+00   9.9913143e-01
   4.9324435e+00   9.9865132e-01
   4.9488850e+00   9.9815821e-01
   4.9653264e+00   9.9766246e-01
   4.9817679e+00   9.9715511e-01
   4.9982094e+00   9.9663759e-01
   5.0146509e+00   9.9613452e-01
   5.0310924e+00   9.9562284e-01
   5.0475338e+00   9.9509220e-01
   5.0639753e+00   9.9456396e-01
   5.0804168e+00   9.9403040e-01
   5.0968583e+00   9.9349621e-01
   5.1132997e+00   9.9296011e-01
   5.1297412e+00   9.9241673e-01
   5.1461827e+00   9.9186259e-01
   5.1626242e+00   9.9130821e-01
   5.1790657e+00   9.9075171e-01
   5.1955071e+00   9.9019582e-01
   5.2119486e+00   9.8962825e-01
   5.2283901e+00   9.8906157e-01
   5.2448316e+00   9.8849600e-01
   5.2612730e+00   9.8791429e-01
   5.2777145e+00   9.8734339e-01
   5.2941560e+00   9.8676336e-01
   5.3105975e+00   9.8618055e-01
   5.3270390e+00   9.8559936e-01
   5.3434804e+00   9.8500570e-01
   5.3599219e+00   9.8440934e-01
   5.3763634e+00   9.8381731e-01
   5.3928049e+00   9.8321373e-01
   5.4092464e+00   9.8261851e-01
   5.4256878e+00   9.8202018e-01
   5.4421293e+00   9.8141748e-01
   5.4585708e+00   9.8080905e-01
   5.4750123e+00   9.8020192e-01
   5.4914537e+00   9.7959183e-01
   5.5078952e+00   9.7897645e-01
   5.5243367e+00   9.7835595e-01
   5.5407782e+00   9.7774634e-01
   5.5572197e+00   9.7712558e-01
   5.5736611e+00   9.7650145e-01
   5.5901026e+00   9.7588287e-01
   5.6065441e+00   9.7526019e-01
   5.6229856e+00   9.7464033e-01
   5.6394270e+00   9.7401546e-01
   5.6558685e+00   9.7339177e-01
   5.6723100e+00   9.7277555e-01
   5.6887515e+00   9.7216345e-01
   5.7051930e+00   9.7153718e-01
   5.7216344e+00   9.7091044e-01
   5.7380759e+00   9.7027841e-01
   5.7545174e+00   9.6966172e-01
   5.7709589e+00   9.6904064e-01
   5.7874004e+00   9.6841839e-01
   5.8038418e+00   9.6779598e-01
   5.8202833e+00   9.6717319e-01
   5.8367248e+00   9.6654531e-01
   5.8531663e+00   9.6592413e-01
   5.8696077e+00   9.6530580e-01
   5.8860492e+00   9.6468941e-01
   5.9024907e+00   9.6406910e-01
   5.9189322e+00   9.6345584e-01
   5.9353737e+00   9.6284543e-01
   5.9518151e+00   9.6223186e-01
   5.9682566e+00   9.6162875e-01
   5.9846981e+00   9.6102244e-01
   6.0011396e+00   9.6042124e-01
   6.0175811e+00   9.5981909e-01
   6.0340225e+00   9.5922346e-01
   6.0504640e+00   9.5862989e-01
   6.0669055e+00   9.5803013e-01
   6.0833470e+00   9.5743576e-01
   6.0997884e+00   9.5685116e-01
   6.1162299e+00   9.5626851e-01
   6.1326714e+00   9.5567537e-01
   6.1491129e+00   9.5509288e-01
   6.1655544e+00   9.5451187e-01
   6.1819958e+00   9.5393392e-01
   6.1984373e+00   9.5336065e-01
   6.2148788e+00   9.5279570e-01
   6.2313203e+00   9.5222638e-01
   6.2477617e+00   9.5166311e-01
   6.2642032e+00   9.5110062e-01
   6.2806447e+00   9.5054912e-01
   6.2970862e+00   9.4999623e-01
   6.3135277e+00   9.4944716e-01
   6.3299691e+00   9.4890005e-01
   6.3464106e+00   9.4835450e-01
   6.3628521e+00   9.4781670e-01
   6.3792936e+00   9.4727709e-01
   6.3957351e+00   9.4674076e-01
   6.4121765e+00   9.4621380e-01
   6.4286180e+00   9.4568865e-01
   6.4450595e+00   9.4516737e-01
   6.4615010e+00   9.4464955e-01
   6.4779424e+00   9.4413055e-01
   6.4943839e+00   9.4361779e-01
   6.5108254e+00   9.4311243e-01
   6.5272669e+00   9.4261090e-01
   6.5437084e+00   9.4211721e-01
   6.5601498e+00   9.4161401e-01
   6.5765913e+00   9.4112315e-01
   6.5930328e+00   9.4064293e-01
   6.6094743e+00   9.4016598e-01
   6.6259157e+00   9.3968960e-01
   6.6423572e+00   9.3921617e-01
   6.6587987e+00   9.3874773e-01
   6.6752402e+00   9.3828695e-01
   6.6916817e+00   9.3782312e-01
   6.7081231e+00   9.3736959e-01
   6.7245646e+00   9.3691862e-01
   6.7410061e+00   9.3647566e-01
   6.7574476e+00   9.3602553e-01
   6.7738891e+00   9.3558743e-01
   6.7903305e+00   9.3515738e-01
   6.8067720e+00   9.3472967e-01
   6.8232135e+00   9.3430540e-01
   6.8396550e+00   9.3388656e-01
   6.8560964e+00   9.3347141e-01
   6.8725379e+00   9.3305817e-01
   6.8889794e+00   9.3264645e-01
   6.9054209e+00   9.3223646e-01
   6.9218624e+00   9.3184127e-01
   6.9383038e+00   9.3143898e-01
   6.9547453e+00   9.3104989e-01
   6.9711868e+00   9.3066224e-01
   6.9876283e+00   9.3027702e-01
   7.0040697e+00   9.2990055e-01
   7.0205112e+00   9.2952399e-01
   7.0369527e+00   9.2914813e-01
   7.0533942e+00   9.2878310e-01
   7.0698357e+00   9.2841562e-01
   7.0862771e+00   9.2806464e-01
   7.1027186e+00   9.2771084e-01
   7.1191601e+00   9.2736291e-01
   7.1356016e+00   9.2701498e-01
   7.1520431e+00   9.2667339e-01
   7.1684845e+00   9.2633117e-01
   7.1849260e+00   9.2599499e-01
   7.2013675e+00   9.2566617e-01
   7.2178090e+00   9.2533521e-01
   7.2342504e+00   9.2500971e-01
   7.2506919e+00   9.2468911e-01
   7.2671334e+00   9.2437514e-01
   7.2835749e+00   9.2406045e-01
   7.3000164e+00   9.2375199e-01
   7.3164578e+00   9.2345464e-01
   7.3328993e+00   9.2315397e-01
   7.3493408e+00   9.2285585e-01
   7.3657823e+00   9.2255686e-01
   7.3822237e+00   9.2226728e-01
   7.3986652e+00   9.2197661e-01
   7.4151067e+00   9.2168844e-01
   7.4315482e+00   9.2141110e-01
   7.4479897e+00   9.2113144e-01
   7.4644311e+00   9.2086230e-01
   7.4808726e+00   9.2059387e-01
   7.4973141e+00   9.2033313e-01
   7.5137556e+00   9.2007325e-01
   7.5301971e+00   9.1981721e-01
   7.5466385e+00   9.1956181e-01
   7.5630800e+00   9.1930524e-01
   7.5795215e+00   9.1905691e-01
   7.5959630e+00   9.1879972e-01
   7.6124044e+00   9.1855354e-01
   7.6288459e+00   9.1831682e-01
   7.6452874e+00   9.1808429e-01
   7.6617289e+00   9.1785326e-01
   7.6781704e+00   9.1761079e-01
   7.6946118e+00   9.1738285e-01
   7.7110533e+00   9.1715857e-01
   7.7274948e+00   9.1693575e-01
   7.7439363e+00   9.1671235e-01
   7.7603777e+00   9.1649523e-01
   7.7768192e+00   9.1627773e-01
   7.7932607e+00   9.1606745e-01
   7.8097022e+00   9.1586647e-01
   7.8261437e+00   9.1565680e-01
   7.8425851e+00   9.1545295e-01
   7.8590266e+00   9.1525867e-01
   7.8754681e+00   9.1505466e-01
   7.8919096e+00   9.1485194e-01
   7.9083511e+00   9.1465369e-01
   7.9247925e+00   9.1445840e-01
   7.9412340e+00   9.1426953e-01
   7.9576755e+00   9.1407810e-01
   7.9741170e+00   9.1389040e-01
   7.9905584e+00   9.1371097e-01
   8.0069999e+00   9.1353133e-01
   8.0234414e+00   9.1336170e-01
   8.0398829e+00   9.1318560e-01
   8.0563244e+00   9.1300676e-01
   8.0727658e+00   9.1283722e-01
   8.0892073e+00   9.1266707e-01
   8.1056488e+00   9.1250065e-01
   8.1220903e+00   9.1234520e-01
   8.1385317e+00   9.1218542e-01
   8.1549732e+00   9.1202512e-01
   8.1714147e+00   9.1187016e-01
   8.1878562e+00   9.1171230e-01
   8.2042977e+00   9.1155826e-01
   8.2207391e+00   9.1141443e-01
   8.2371806e+00   9.1126898e-01
   8.2536221e+00   9.1112140e-01
   8.2700636e+00   9.1097533e-01
   8.2865051e+00   9.1083908e-01
   8.3029465e+00   9.1069436e-01
   8.3193880e+00   9.1055053e-01
   8.3358295e+00   9.1041769e-01
   8.3522710e+00   9.1027944e-01
   8.3687124e+00   9.1014568e-01
   8.3851539e+00   9.1001037e-01
   8.4015954e+00   9.0988379e-01
   8.4180369e+00   9.0975746e-01
   8.4344784e+00   9.0962869e-01
   8.4509198e+00   9.0950806e-01
   8.4673613e+00   9.0938687e-01
   8.4838028e+00   9.0926865e-01
   8.5002443e+00   9.0914797e-01
   8.5166857e+00   9.0903502e-01
   8.5331272e+00   9.0891693e-01
   8.5495687e+00   9.0880349e-01
   8.5660102e+00   9.0869178e-01
   8.5824517e+00   9.0858606e-01
   8.5988931e+00   9.0847340e-01
   8.6153346e+00   9.0836191e-01
   8.6317761e+00   9.0825080e-01
   8.6482176e+00   9.0815006e-01
   8.6646591e+00   9.0804648e-01
   8.6811005e+00   9.0794508e-01
   8.6975420e+00   9.0784597e-01
   8.7139835e+00   9.0774886e-01
   8.7304250e+00   9.0765498e-01
   8.7468664e+00   9.0755974e-01
   8.7633079e+00   9.0746331e-01
   8.7797494e+00   9.0737371e-01
   8.7961909e+00   9.0727596e-01
   8.8126324e+00   9.0718449e-01
   8.8290738e+00   9.0710061e-01
   8.8455153e+00   9.0700802e-01
   8.8619568e+00   9.0691800e-01
   8.8783983e+00   9.0683300e-01
   8.8948397e+00   9.0674593e-01
   8.9112812e+00   9.0666447e-01
   8.9277227e+00   9.0658231e-01
   8.9441642e+00   9.0650304e-01
   8.9606057e+00   9.0642724e-01
   8.9770471e+00   9.0634317e-01
   8.9934886e+00   9.0626650e-01
   9.0099301e+00   9.0618818e-01
   9.0263716e+00   9.0611288e-01
   9.0428131e+00   9.0603772e-01
   9.0592545e+00   9.0595878e-01
   9.0756960e+00   9.0588627e-01
   9.0921375e+00   9.0582019e-01
   9.1085790e+00   9.0574717e-01
   9.1250204e+00   9.0567048e-01
   9.1414619e+00   9.0560045e-01
   9.1579034e+00   9.0553138e-01
   9.1743449e+00   9.0546484e-01
   9.1907864e+00   9.0540102e-01
   9.2072278e+00   9.0533721e-01
   9.2236693e+00   9.0527110e-01
   9.2401108e+00   9.0520126e-01
   9.2565523e+00   9.0514112e-01
   9.2729937e+00   9.0507307e-01
   9.2894352e+00   9.0501185e-01
   9.3058767e+00   9.0495582e-01
   9.3223182e+00   9.0489366e-01
   9.3387597e+00   9.0483470e-01
   9.3552011e+00   9.0478386e-01
   9.3716426e+00   9.0473257e-01
   9.3880841e+00   9.0467885e-01
   9.4045256e+00   9.0462568e-01
   9.4209671e+00   9.0457453e-01
   9.4374085e+00   9.0452085e-01
   9.4538500e+00   9.0446875e-01
   9.4702915e+00   9.0441762e-01
   9.4867330e+00   9.0437145e-01
   9.5031744e+00   9.0431959e-01
   9.5196159e+00   9.0427066e-01
   9.5360574e+00   9.0422346e-01
   9.5524989e+00   9.0418228e-01
   9.5689404e+00   9.0413697e-01
   9.5853818e+00   9.0409030e-01
   9.6018233e+00   9.0404429e-01
   9.6182648e+00   9.0399792e-01
   9.6347063e+00   9.0395683e-01
   9.6511477e+00   9.0391326e-01
   9.6675892e+00   9.0386936e-01
   9.6840307e+00   9.0382598e-01
   9.7004722e+00   9.0378752e-01
   9.7169137e+00   9.0374274e-01
   9.7333551e+00   9.0369754e-01
   9.7497966e+00   9.0365258e-01
   9.7662381e+00   9.0361003e-01
   9.7826796e+00   9.0357302e-01
   9.7991211e+00   9.0353273e-01
   9.8155625e+00   9.0349668e-01
   9.8320040e+00   9.0345652e-01
   9.8484455e+00   9.0341916e-01
   9.8648870e+00   9.0338476e-01
   9.8813284e+00   9.0334667e-01
   9.8977699e+00   9.0331823e-01
   9.9142114e+00   9.0328275e-01
   9.9306529e+00   9.0324977e-01
   9.9470944e+00   9.0322277e-01
   9.9635358e+00   9.0319153e-01
   9.9799773e+00   9.0315847e-01
   9.9964188e+00   9.0312677e-01
   1.0012860e+01   9.0309644e-01
   1.0029302e+01   9.0307206e-01
   1.0045743e+01   9.0304261e-01
   1.0062185e+01   9.0301037e-01
   1.0078626e+01   9.0297637e-01
   1.0095068e+01   9.0294657e-01
   1.0111509e+01   9.0291985e-01
   1.0127951e+01   9.0289373e-01
   1.0144392e+01   9.0286479e-01
   1.0160834e+01   9.0283421e-01
   1.0177275e+01   9.0280366e-01
   1.0193717e+01   9.0277133e-01
   1.0210158e+01   9.0274642e-01
   1.0226599e+01   9.0271802e-01
   1.0243041e+01   9.0269983e-01
   1.0259482e+01   9.0267101e-01
   1.0275924e+01   9.0265014e-01
   1.0292365e+01   9.0262318e-01
   1.0308807e+01   9.0259788e-01
   1.0325248e+01   9.0257347e-01
   1.0341690e+01   9.0254646e-01
   1.0358131e+01   9.0252260e-01
   1.0374573e+01   9.0250566e-01
   1.0391014e+01   9.0248487e-01
   1.0407456e+01   9.0246329e-01
   1.0423897e+01   9.0244251e-01
   1.0440339e+01   9.0241999e-01
   1.0456780e+01   9.0239731e-01
   1.0473222e+01   9.0237553e-01
   1.0489663e+01   9.0235524e-01
   1.0506105e+01   9.0233638e-01
   1.0522546e+01   9.0230888e-01
   1.0538988e+01   9.0228943e-01
   1.0555429e+01   9.0226665e-01
   1.0571871e+01   9.0224864e-01
   1.0588312e+01   9.0222628e-01
   1.0604753e+01   9.0221233e-01
   1.0621195e+01   9.0219629e-01
   1.0637636e+01   9.0218504e-01
   1.0654078e+01   9.0217229e-01
   1.0670519e+01   9.0215498e-01
   1.0686961e+01   9.0213341e-01
   1.0703402e+01   9.0211277e-01
   1.0719844e+01   9.0209628e-01
   1.0736285e+01   9.0207924e-01
   1.0752727e+01   9.0206564e-01
   1.0769168e+01   9.0204959e-01
   1.0785610e+01   9.0203357e-01
   1.0802051e+01   9.0201978e-01
   1.0818493e+01   9.0200361e-01
   1.0834934e+01   9.0198774e-01
   1.0851376e+01   9.0197472e-01
   1.0867817e+01   9.0196068e-01
   1.0884259e+01   9.0194432e-01
   1.0900700e+01   9.0193060e-01
   1.0917142e+01   9.0191678e-01
   1.0933583e+01   9.0190441e-01
   1.0950025e+01   9.0189099e-01
   1.0966466e+01   9.0187826e-01
   1.0982907e+01   9.0186307e-01
   1.0999349e+01   9.0185307e-01
   1.1015790e+01   9.0183362e-01
   1.1032232e+01   9.0182088e-01
   1.1048673e+01   9.0180631e-01
   1.1065115e+01   9.0179099e-01
   1.1081556e+01   9.0177907e-01
   1.1097998e+01   9.0177101e-01
   1.1114439e+01   9.0175786e-01
   1.1130881e+01   9.0174542e-01
   1.1147322e+01   9.0173170e-01
   1.1163764e+01   9.0171755e-01
   1.1180205e+01   9.0171138e-01
   1.1196647e+01   9.0170005e-01
   1.1213088e+01   9.0169224e-01
   1.1229530e+01   9.0168133e-01
   1.1245971e+01   9.0167062e-01
   1.1262413e+01   9.0165920e-01
   1.1278854e+01   9.0165255e-01
   1.1295296e+01   9.0163706e-01
   1.1311737e+01   9.0162793e-01
   1.1328179e+01   9.0162117e-01
   1.1344620e+01   9.0161279e-01
   1.1361061e+01   9.0159929e-01
   1.1377503e+01   9.0158648e-01
   1.1393944e+01   9.0156830e-01
   1.1410386e+01   9.0155675e-01
   1.1426827e+01   9.0154724e-01
   1.1443269e+01   9.0154085e-01
   1.1459710e+01   9.0153422e-01
   1.1476152e+01   9.0152438e-01
   1.1492593e+01   9.0152302e-01
   1.1509035e+01   9.0151048e-01
   1.1525476e+01   9.0150486e-01
   1.1541918e+01   9.0149663e-01
   1.1558359e+01   9.0149192e-01
   1.1574801e+01   9.0148107e-01
   1.1591242e+01   9.0148361e-01
   1.1607684e+01   9.0147680e-01
   1.1624125e+01   9.0147000e-01
   1.1640567e+01   9.0146445e-01
   1.1657008e+01   9.0144206e-01
   1.1673450e+01   9.0143373e-01
   1.1689891e+01   9.0142384e-01
   1.1706333e+01   9.0141407e-01
   1.1722774e+01   9.0141069e-01
   1.1739215e+01   9.0140466e-01
   1.1755657e+01   9.0139749e-01
   1.1772098e+01   9.0139297e-01
   1.1788540e+01   9.0138431e-01
   1.1804981e+01   9.0138244e-01
   1.1821423e+01   9.0137959e-01
   1.1837864e+01   9.0137291e-01
   1.1854306e+01   9.0136743e-01
   1.1870747e+01   9.0135759e-01
   1.1887189e+01   9.0135307e-01
   1.1903630e+01   9.0134300e-01
   1.1920072e+01   9.0133300e-01
   1.1936513e+01   9.0132517e-01
   1.1952955e+01   9.0131964e-01
   1.1969396e+01   9.0131288e-01
   1.1985838e+01   9.0131071e-01
   1.2002279e+01   9.0130472e-01
   1.2018721e+01   9.0129968e-01
   1.2035162e+01   9.0130538e-01
   1.2051604e+01   9.0129765e-01
   1.2068045e+01   9.0128915e-01
   1.2084487e+01   9.0128619e-01
   1.2100928e+01   9.0128295e-01
   1.2117369e+01   9.0127701e-01
   1.2133811e+01   9.0127321e-01
   1.2150252e+01   9.0126788e-01
   1.2166694e+01   9.0126148e-01
   1.2183135e+01   9.0125307e-01
   1.2199577e+01   9.0124317e-01
   1.2216018e+01   9.0123991e-01
   1.2232460e+01   9.0123715e-01
   1.2248901e+01   9.0122900e-01
   1.2265343e+01   9.0122616e-01
   1.2281784e+01   9.0122030e-01
   1.2298226e+01   9.0121221e-01
   1.2314667e+01   9.0120958e-01
   1.2331109e+01   9.0121076e-01
   1.2347550e+01   9.0120419e-01
   1.2363992e+01   9.0120016e-01
   1.2380433e+01   9.0119711e-01
   1.2396875e+01   9.0118760e-01
   1.2413316e+01   9.0118571e-01
   1.2429758e+01   9.0118473e-01
   1.2446199e+01   9.0118020e-01
   1.2462641e+01   9.0117507e-01
   1.2479082e+01   9.0116700e-01
   1.2495523e+01   9.0116150e-01
   1.2511965e+01   9.0116623e-01
   1.2528406e+01   9.0115810e-01
   1.2544848e+01   9.0115891e-01
   1.2561289e+01   9.0116117e-01
   1.2577731e+01   9.0115833e-01
   1.2594172e+01   9.0114877e-01
   1.2610614e+01   9.0114150e-01
   1.2627055e+01   9.0113890e-01
   1.2643497e+01   9.0113701e-01
   1.2659938e+01   9.0113109e-01
   1.2676380e+01   9.0112804e-01
   1.2692821e+01   9.0112720e-01
   1.2709263e+01   9.0111999e-01
   1.2725704e+01   9.0112007e-01
   1.2742146e+01   9.0112019e-01
   1.2758587e+01   9.0112212e-01
   1.2775029e+01   9.0111562e-01
   1.2791470e+01   9.0110747e-01
   1.2807912e+01   9.0110592e-01
   1.2824353e+01   9.0110083e-01
   1.2840795e+01   9.0110159e-01
   1.2857236e+01   9.0109916e-01
   1.2873677e+01   9.0109345e-01
   1.2890119e+01   9.0109391e-01
   1.2906560e+01   9.0109562e-01
   1.2923002e+01   9.0109130e-01
   1.2939443e+01   9.0109035e-01
   1.2955885e+01   9.0108628e-01
   1.2972326e+01   9.0108445e-01
   1.2988768e+01   9.0108064e-01
   1.3005209e+01   9.0108271e-01
   1.3021651e+01   9.0107614e-01
   1.3038092e+01   9.0107773e-01
   1.3054534e+01   9.0107591e-01
   1.3070975e+01   9.0107241e-01
   1.3087417e+01   9.0107652e-01
   1.3103858e+01   9.0107869e-01
   1.3120300e+01   9.0107459e-01
   1.3136741e+01   9.0106965e-01
   1.3153183e+01   9.0106651e-01
   1.3169624e+01   9.0106044e-01
   1.3186066e+01   9.0105157e-01
   1.3202507e+01   9.0104747e-01
   1.3218949e+01   9.0104208e-01
   1.3235390e+01   9.0103773e-01
   1.3251831e+01   9.0103988e-01
   1.3268273e+01   9.0104012e-01
   1.3284714e+01   9.0103688e-01
   1.3301156e+01   9.0103316e-01
   1.3317597e+01   9.0103721e-01
   1.3334039e+01   9.0102732e-01
   1.3350480e+01   9.0102734e-01
   1.3366922e+01   9.0102030e-01
   1.3383363e+01   9.0101889e-01
   1.3399805e+01   9.0101872e-01
   1.3416246e+01   9.0101891e-01
   1.3432688e+01   9.0101836e-01
   1.3449129e+01   9.0102003e-01
   1.3465571e+01   9.0102611e-01
   1.3482012e+01   9.0102312e-01
   1.3498454e+01   9.0102032e-01
   1.3514895e+01   9.0102285e-01
   1.3531337e+01   9.0101606e-01
   1.3547778e+01   9.0101570e-01
   1.3564220e+01   9.0101258e-01
   1.3580661e+01   9.0101497e-01
   1.3597103e+01   9.0101442e-01
   1.3613544e+01   9.0101695e-01
   1.3629985e+01   9.0101502e-01
   1.3646427e+01   9.0101554e-01
   1.3662868e+01   9.0100895e-01
   1.3679310e+01   9.0100968e-01
   1.3695751e+01   9.0100865e-01
   1.3712193e+01   9.0100857e-01
   1.3728634e+01   9.0100034e-01
   1.3745076e+01   9.0100165e-01
   1.3761517e+01   9.0099475e-01
   1.3777959e+01   9.0099541e-01
   1.3794400e+01   9.0099359e-01
   1.3810842e+01   9.0098996e-01
   1.3827283e+01   9.0098134e-01
   1.3843725e+01   9.0098658e-01
   1.3860166e+01   9.0097937e-01
   1.3876608e+01   9.0098230e-01
   1.3893049e+01   9.0098107e-01
   1.3909491e+01   9.0097866e-01
   1.3925932e+01   9.0097867e-01
   1.3942374e+01   9.0097197e-01
   1.3958815e+01   9.0096885e-01
   1.3975257e+01   9.0096872e-01
   1.3991698e+01   9.0097050e-01
   1.4008139e+01   9.0096775e-01
   1.4024581e+01   9.0096527e-01
   1.4041022e+01   9.0096246e-01
   1.4057464e+01   9.0096116e-01
   1.4073905e+01   9.0095724e-01
   1.4090347e+01   9.0095294e-01
   1.4106788e+01   9.0094495e-01
   1.4123230e+01   9.0094546e-01
   1.4139671e+01   9.0094583e-01
   1.4156113e+01   9.0094597e-01
   1.4172554e+01   9.0094660e-01
   1.4188996e+01   9.0094691e-01
   1.4205437e+01   9.0094304e-01
   1.4221879e+01   9.0094450e-01
   1.4238320e+01   9.0094628e-01
   1.4254762e+01   9.0094447e-01
   1.4271203e+01   9.0094103e-01
   1.4287645e+01   9.0094245e-01
   1.4304086e+01   9.0094012e-01
   1.4320528e+01   9.0093679e-01
   1.4336969e+01   9.0093475e-01
   1.4353411e+01   9.0093104e-01
   1.4369852e+01   9.0093133e-01
   1.4386293e+01   9.0093464e-01
   1.4402735e+01   9.0093421e-01
   1.4419176e+01   9.0092809e-01
   1.4435618e+01   9.0092966e-01
   1.4452059e+01   9.0092634e-01
   1.4468501e+01   9.0092727e-01
   1.4484942e+01   9.0092673e-01
   1.4501384e+01   9.0093296e-01
   1.4517825e+01   9.0093190e-01
   1.4534267e+01   9.0093115e-01
   1.4550708e+01   9.0093351e-01
   1.4567150e+01   9.0093096e-01
   1.4583591e+01   9.0092794e-01
   1.4600033e+01   9.0092893e-01
   1.4616474e+01   9.0092238e-01
   1.4632916e+01   9.0092026e-01
   1.4649357e+01   9.0091676e-01
   1.4665799e+01   9.0091853e-01
   1.4682240e+01   9.0091532e-01
   1.4698682e+01   9.0090804e-01
   1.4715123e+01   9.0090716e-01
   1.4731565e+01   9.0090404e-01
   1.4748006e+01   9.0090310e-01
   1.4764447e+01   9.0090435e-01
   1.4780889e+01   9.0090080e-01
   1.4797330e+01   9.0089702e-01
   1.4813772e+01   9.0090082e-01
   1.4830213e+01   9.0089532e-01
   1.4846655e+01   9.0089308e-01
   1.4863096e+01   9.0088921e-01
   1.4879538e+01   9.0088738e-01
   1.4895979e+01   9.0088740e-01
   1.4912421e+01   9.0088959e-01
   1.4928862e+01   9.0088931e-01
   1.4945304e+01   9.0089119e-01
   1.4961745e+01   9.0089102e-01
   1.4978187e+01   9.0089072e-01
   1.4994628e+01   9.0089043e-01
   1.5011070e+01   9.0089020e-01
   1.5027511e+01   9.0089171e-01
   1.5043953e+01   9.0089495e-01
   1.5060394e+01   9.0089239e-01
   1.5076836e+01   9.0089370e-01
   1.5093277e+01   9.0089268e-01
   1.5109719e+01   9.0088741e-01
   1.5126160e+01   9.0088826e-01
   1.5142601e+01   9.0088219e-01
   1.5159043e+01   9.0088317e-01
   1.5175484e+01   9.0088312e-01
   1.5191926e+01   9.0087698e-01
   1.5208367e+01   9.0088025e-01
   1.5224809e+01   9.0087572e-01
   1.5241250e+01   9.0086888e-01
   1.5257692e+01   9.0087238e-01
   1.5274133e+01   9.0087190e-01
   1.5290575e+01   9.0087229e-01
   1.5307016e+01   9.0086450e-01
   1.5323458e+01   9.0086966e-01
   1.5339899e+01   9.0086182e-01
   1.5356341e+01   9.0086553e-01
   1.5372782e+01   9.0086281e-01
   1.5389224e+01   9.0086402e-01
   1.5405665e+01   9.0086471e-01
   1.5422107e+01   9.0085851e-01
   1.5438548e+01   9.0085802e-01
   1.5454990e+01   9.0085242e-01
   1.5471431e+01   9.0084740e-01
   1.5487873e+01   9.0084819e-01
   1.5504314e+01   9.0084653e-01
   1.5520755e+01   9.0084693e-01
   1.5537197e+01   9.0084432e-01
   1.5553638e+01   9.0084185e-01
   1.5570080e+01   9.0084527e-01
   1.5586521e+01   9.0083889e-01
   1.5602963e+01   9.0083349e-01
   1.5619404e+01   9.0082825e-01
   1.5635846e+01   9.0082162e-01
   1.5652287e+01   9.0082420e-01
   1.5668729e+01   9.0081863e-01
   1.5685170e+01   9.0081671e-01
   1.5701612e+01   9.0081032e-01
   1.5718053e+01   9.0081119e-01
   1.5734495e+01   9.0080830e-01
   1.5750936e+01   9.0080218e-01
   1.5767378e+01   9.0079623e-01
   1.5783819e+01   9.0079118e-01
   1.5800261e+01   9.0078671e-01
   1.5816702e+01   9.0078429e-01
   1.5833144e+01   9.0077679e-01
   1.5849585e+01   9.0077265e-01
   1.5866027e+01   9.0076140e-01
   1.5882468e+01   9.0075117e-01
   1.5898909e+01   9.0074128e-01
   1.5915351e+01   9.0073446e-01
   1.5931792e+01   9.0072980e-01
   1.5948234e+01   9.0073561e-01
   1.5964675e+01   9.0076232e-01
   1.5981117e+01   9.0083652e-01
   1.5997558e+01   9.0093689e-01
   1.6014000e+01   9.0108262e-01
   1.6030441e+01   9.0127374e-01
   1.6046883e+01   9.0149884e-01
   1.6063324e+01   9.0177340e-01
   1.6079766e+01   9.0209506e-01
   1.6096207e+01   9.0246171e-01
   1.6112649e+01   9.0286809e-01
   1.6129090e+01   9.0332008e-01
   1.6145532e+01   9.0381304e-01
   1.6161973e+01   9.0435631e-01
   1.6178415e+01   9.0494565e-01
   1.6194856e+01   9.0558007e-01
   1.6211298e+01   9.0624689e-01
   1.6227739e+01   9.0695609e-01
   1.6244181e+01   9.0772383e-01
   1.6260622e+01   9.0853348e-01
   1.6277063e+01   9.0939162e-01
   1.6293505e+01   9.1028557e-01
   1.6309946e+01   9.1121468e-01
   1.6326388e+01   9.1219234e-01
   1.6342829e+01   9.1320510e-01
   1.6359271e+01   9.1425185e-01
   1.6375712e+01   9.1534410e-01
   1.6392154e+01   9.1647346e-01
   1.6408595e+01   9.1765099e-01
   1.6425037e+01   9.1887266e-01
   1.6441478e+01   9.2013132e-01
   1.6457920e+01   9.2142319e-01
   1.6474361e+01   9.2276226e-01
   1.6490803e+01   9.2416079e-01
   1.6507244e+01   9.2560017e-01
   1.6523686e+01   9.2706985e-01
   1.6540127e+01   9.2857175e-01
   1.6556569e+01   9.3008394e-01
   1.6573010e+01   9.3162462e-01
   1.6589452e+01   9.3317358e-01
   1.6605893e+01   9.3475085e-01
   1.6622335e+01   9.3635444e-01
   1.6638776e+01   9.3796746e-01
   1.6655217e+01   9.3958576e-01
   1.6671659e+01   9.4120741e-01
   1.6688100e+01   9.4282869e-01
   1.6704542e+01   9.4444705e-01
   1.6720983e+01   9.4604888e-01
   1.6737425e+01   9.4764584e-01
   1.6753866e+01   9.4922934e-01
   1.6770308e+01   9.5079866e-01
   1.6786749e+01   9.5235457e-01
   1.6803191e+01   9.5388548e-01
   1.6819632e+01   9.5539247e-01
   1.6836074e+01   9.5687431e-01
   1.6852515e+01   9.5832911e-01
   1.6868957e+01   9.5975254e-01
   1.6885398e+01   9.6114428e-01
   1.6901840e+01   9.6250757e-01
   1.6918281e+01   9.6381847e-01
   1.6934723e+01   9.6509731e-01
   1.6951164e+01   9.6633451e-01
   1.6967606e+01   9.6754530e-01
   1.6984047e+01   9.6871436e-01
   1.7000489e+01   9.6984070e-01
   1.7016930e+01   9.7093307e-01
   1.7033371e+01   9.7198098e-01
   1.7049813e+01   9.7299007e-01
   1.7066254e+01   9.7396310e-01
   1.7082696e+01   9.7489158e-01
   1.7099137e+01   9.7577983e-01
   1.7115579e+01   9.7662411e-01
   1.7132020e+01   9.7744015e-01
   1.7148462e+01   9.7820123e-01
   1.7164903e+01   9.7893014e-01
   1.7181345e+01   9.7962392e-01
   1.7197786e+01   9.8027860e-01
   1.7214228e+01   9.8089795e-01
   1.7230669e+01   9.8148460e-01
   1.7247111e+01   9.8203751e-01
   1.7263552e+01   9.8255916e-01
   1.7279994e+01   9.8305399e-01
   1.7296435e+01   9.8350881e-01
   1.7312877e+01   9.8393587e-01
   1.7329318e+01   9.8433738e-01
   1.7345760e+01   9.8471373e-01
   1.7362201e+01   9.8506219e-01
   1.7378643e+01   9.8537792e-01
   1.7395084e+01   9.8567568e-01
   1.7411525e+01   9.8594938e-01
   1.7427967e+01   9.8620019e-01
   1.7444408e+01   9.8643311e-01
   1.7460850e+01   9.8663769e-01
   1.7477291e+01   9.8682539e-01
   1.7493733e+01   9.8699695e-01
   1.7510174e+01   9.8715399e-01
   1.7526616e+01   9.8728368e-01
   1.7543057e+01   9.8740737e-01
   1.7559499e+01   9.8751553e-01
   1.7575940e+01   9.8760045e-01
   1.7592382e+01   9.8767578e-01
   1.7608823e+01   9.8774042e-01
   1.7625265e+01   9.8779683e-01
   1.7641706e+01   9.8783994e-01
   1.7658148e+01   9.8787537e-01
   1.7674589e+01   9.8789885e-01
   1.7691031e+01   9.8791344e-01
   1.7707472e+01   9.8791063e-01
   1.7723914e+01   9.8791051e-01
   1.7740355e+01   9.8789196e-01
   1.7756797e+01   9.8786486e-01
   1.7773238e+01   9.8783091e-01
   1.7789679e+01   9.8778375e-01
   1.7806121e+01   9.8773072e-01
   1.7822562e+01   9.8766930e-01
   1.7839004e+01   9.8760956e-01
   1.7855445e+01   9.8753796e-01
   1.7871887e+01   9.8746842e-01
   1.7888328e+01   9.8740088e-01
   1.7904770e+01   9.8732187e-01
   1.7921211e+01   9.8723438e-01
   1.7937653e+01   9.8714898e-01
   1.7954094e+01   9.8705506e-01
   1.7970536e+01   9.8695329e-01
   1.7986977e+01   9.8685215e-01
   1.8003419e+01   9.8675835e-01
   1.8019860e+01   9.8665417e-01
   1.8036302e+01   9.8654402e-01
   1.8052743e+01   9.8643227e-01
   1.8069185e+01   9.8632044e-01
   1.8085626e+01   9.8620769e-01
   1.8102068e+01   9.8608919e-01
   1.8118509e+01   9.8597218e-01
   1.8134951e+01   9.8585241e-01
   1.8151392e+01   9.8572707e-01
   1.8167833e+01   9.8559678e-01
   1.8184275e+01   9.8546984e-01
   1.8200716e+01   9.8533869e-01
   1.8217158e+01   9.8520476e-01
   1.8233599e+01   9.8506177e-01
   1.8250041e+01   9.8492530e-01
   1.8266482e+01   9.8478891e-01
   1.8282924e+01   9.8464455e-01
   1.8299365e+01   9.8449943e-01
   1.8315807e+01   9.8435980e-01
   1.8332248e+01   9.8421951e-01
   1.8348690e+01   9.8407289e-01
   1.8365131e+01   9.8393087e-01
   1.8381573e+01   9.8378043e-01
   1.8398014e+01   9.8363069e-01
   1.8414456e+01   9.8348555e-01
   1.8430897e+01   9.8333947e-01
   1.8447339e+01   9.8318522e-01
   1.8463780e+01   9.8303732e-01
   1.8480222e+01   9.8289079e-01
   1.8496663e+01   9.8273779e-01
   1.8513105e+01   9.8258436e-01
   1.8529546e+01   9.8242878e-01
   1.8545987e+01   9.8227499e-01
   1.8562429e+01   9.8211684e-01
   1.8578870e+01   9.8195951e-01
   1.8595312e+01   9.8180516e-01
   1.8611753e+01   9.8164674e-01
   1.8628195e+01   9.8148673e-01
   1.8644636e+01   9.8132945e-01
   1.8661078e+01   9.8116852e-01
   1.8677519e+01   9.8101024e-01
   1.8693961e+01   9.8085120e-01
   1.8710402e+01   9.8068329e-01
   1.8726844e+01   9.8052122e-01
   1.8743285e+01   9.8035316e-01
   1.8759727e+01   9.8019594e-01
   1.8776168e+01   9.8003280e-01
   1.8792610e+01   9.7986194e-01
   1.8809051e+01   9.7970811e-01
   1.8825493e+01   9.7955414e-01
   1.8841934e+01   9.7939982e-01
   1.8858376e+01   9.7923378e-01
   1.8874817e+01   9.7906658e-01
   1.8891259e+01   9.7889421e-01
   1.8907700e+01   9.7872573e-01
   1.8924141e+01   9.7855805e-01
   1.8940583e+01   9.7838684e-01
   1.8957024e+01   9.7822763e-01
   1.8973466e+01   9.7805334e-01
   1.8989907e+01   9.7787372e-01
   1.9006349e+01   9.7770116e-01
   1.9022790e+01   9.7752244e-01
   1.9039232e+01   9.7735324e-01
   1.9055673e+01   9.7718190e-01
   1.9072115e+01   9.7701463e-01
   1.9088556e+01   9.7683712e-01
   1.9104998e+01   9.7666805e-01
   1.9121439e+01   9.7649753e-01
   1.9137881e+01   9.7632616e-01
   1.9154322e+01   9.7616056e-01
   1.9170764e+01   9.7599062e-01
   1.9187205e+01   9.7581523e-01
   1.9203647e+01   9.7565268e-01
   1.9220088e+01   9.7548150e-01
   1.9236530e+01   9.7530637e-01
   1.9252971e+01   9.7513012e-01
   1.9269413e+01   9.7494768e-01
   1.9285854e+01   9.7477080e-01
   1.9302295e+01   9.7459696e-01
   1.9318737e+01   9.7441787e-01
   1.9335178e+01   9.7423803e-01
   1.9351620e+01   9.7406120e-01
   1.9368061e+01   9.7388296e-01
   1.9384503e+01   9.7370412e-01
   1.9400944e+01   9.7352665e-01
   1.9417386e+01   9.7335196e-01
   1.9433827e+01   9.7318198e-01
   1.9450269e+01   9.7300329e-01
   1.9466710e+01   9.7282202e-01
   1.9483152e+01   9.7263800e-01
   1.9499593e+01   9.7245704e-01
   1.9516035e+01   9.7227755e-01
   1.9532476e+01   9.7209334e-01
   1.9548918e+01   9.7190827e-01
   1.9565359e+01   9.7172006e-01
   1.9581801e+01   9.7153992e-01
   1.9598242e+01   9.7135201e-01
   1.9614684e+01   9.7116905e-01
   1.9631125e+01   9.7098770e-01
   1.9647567e+01   9.7080665e-01
   1.9664008e+01   9.7061848e-01
   1.9680449e+01   9.7043778e-01
   1.9696891e+01   9.7025059e-01
   1.9713332e+01   9.7005854e-01
   1.9729774e+01   9.6987096e-01
   1.9746215e+01   9.6968448e-01
   1.9762657e+01   9.6949821e-01
   1.9779098e+01   9.6930767e-01
   1.9795540e+01   9.6912088e-01
   1.9811981e+01   9.6893988e-01
   1.9828423e+01   9.6875448e-01
   1.9844864e+01   9.6856198e-01
   1.9861306e+01   9.6837209e-01
   1.9877747e+01   9.6818315e-01
   1.9894189e+01   9.6799400e-01
   1.9910630e+01   9.6780406e-01
   1.9927072e+01   9.6761348e-01
   1.9943513e+01   9.6743316e-01
   1.9959955e+01   9.6724927e-01
   1.9976396e+01   9.6706583e-01
   1.9992838e+01   9.6687520e-01
   2.0009279e+01   9.6668712e-01
   2.0025721e+01   9.6649832e-01
   2.0042162e+01   9.6630156e-01
   2.0058604e+01   9.6611290e-01
   2.0075045e+01   9.6592333e-01
   2.0091486e+01   9.6572839e-01
   2.0107928e+01   9.6553830e-01
   2.0124369e+01   9.6534259e-01
   2.0140811e+01   9.6513988e-01
   2.0157252e+01   9.6494419e-01
   2.0173694e+01   9.6475692e-01
   2.0190135e+01   9.6455647e-01
   2.0206577e+01   9.6436359e-01
   2.0223018e+01   9.6417097e-01
   2.0239460e+01   9.6396774e-01
   2.0255901e+01   9.6377324e-01
   2.0272343e+01   9.6357958e-01
   2.0288784e+01   9.6339109e-01
   2.0305226e+01   9.6320073e-01
   2.0321667e+01   9.6300305e-01
   2.0338109e+01   9.6280500e-01
   2.0354550e+01   9.6261026e-01
   2.0370992e+01   9.6241342e-01
   2.0387433e+01   9.6222314e-01
   2.0403875e+01   9.6202640e-01
   2.0420316e+01   9.6183847e-01
   2.0436758e+01   9.6164053e-01
   2.0453199e+01   9.6143648e-01
   2.0469640e+01   9.6123573e-01
   2.0486082e+01   9.6103924e-01
   2.0502523e+01   9.6084278e-01
   2.0518965e+01   9.6063911e-01
   2.0535406e+01   9.6044323e-01
   2.0551848e+01   9.6024612e-01
   2.0568289e+01   9.6004248e-01
   2.0584731e+01   9.5984631e-01
   2.0601172e+01   9.5964785e-01
   2.0617614e+01   9.5944330e-01
   2.0634055e+01   9.5924987e-01
   2.0650497e+01   9.5904853e-01
   2.0666938e+01   9.5884395e-01
   2.0683380e+01   9.5863738e-01
   2.0699821e+01   9.5843572e-01
   2.0716263e+01   9.5823355e-01
   2.0732704e+01   9.5803527e-01
   2.0749146e+01   9.5783251e-01
   2.0765587e+01   9.5762908e-01
   2.0782029e+01   9.5742669e-01
   2.0798470e+01   9.5722745e-01
   2.0814912e+01   9.5702109e-01
   2.0831353e+01   9.5682102e-01
   2.0847794e+01   9.5662130e-01
   2.0864236e+01   9.5641930e-01
   2.0880677e+01   9.5620923e-01
   2.0897119e+01   9.5600154e-01
   2.0913560e+01   9.5579617e-01
   2.0930002e+01   9.5558980e-01
   2.0946443e+01   9.5538847e-01
   2.0962885e+01   9.5518593e-01
   2.0979326e+01   9.5498524e-01
   2.0995768e+01   9.5478115e-01
   2.1012209e+01   9.5457195e-01
   2.1028651e+01   9.5437021e-01
   2.1045092e+01   9.5416255e-01
   2.1061534e+01   9.5395640e-01
   2.1077975e+01   9.5375486e-01
   2.1094417e+01   9.5354184e-01
   2.1110858e+01   9.5333749e-01
   2.1127300e+01   9.5313091e-01
   2.1143741e+01   9.5291794e-01
   2.1160183e+01   9.5270605e-01
   2.1176624e+01   9.5249996e-01
   2.1193066e+01   9.5229186e-01
   2.1209507e+01   9.5208419e-01
   2.1225948e+01   9.5186990e-01
   2.1242390e+01   9.5166470e-01
   2.1258831e+01   9.5146012e-01
   2.1275273e+01   9.5124912e-01
   2.1291714e+01   9.5104250e-01
   2.1308156e+01   9.5083824e-01
   2.1324597e+01   9.5062978e-01
   2.1341039e+01   9.5042096e-01
   2.1357480e+01   9.5021593e-01
   2.1373922e+01   9.5000580e-01
   2.1390363e+01   9.4979748e-01
   2.1406805e+01   9.4958860e-01
   2.1423246e+01   9.4937307e-01
   2.1439688e+01   9.4917073e-01
   2.1456129e+01   9.4895644e-01
   2.1472571e+01   9.4874357e-01
   2.1489012e+01   9.4853539e-01
   2.1505454e+01   9.4831756e-01
   2.1521895e+01   9.4810912e-01
   2.1538337e+01   9.4790114e-01
   2.1554778e+01   9.4769218e-01
   2.1571220e+01   9.4747710e-01
   2.1587661e+01   9.4726246e-01
   2.1604102e+01   9.4705758e-01
   2.1620544e+01   9.4684400e-01
   2.1636985e+01   9.4662265e-01
   2.1653427e+01   9.4640904e-01
   2.1669868e+01   9.4619373e-01
   2.1686310e+01   9.4597657e-01
   2.1702751e+01   9.4576198e-01
   2.1719193e+01   9.4555101e-01
   2.1735634e+01   9.4534136e-01
   2.1752076e+01   9.4512160e-01
   2.1768517e+01   9.4491262e-01
   2.1784959e+01   9.4469429e-01
   2.1801400e+01   9.4448630e-01
   2.1817842e+01   9.4427498e-01
   2.1834283e+01   9.4406527e-01
   2.1850725e+01   9.4384942e-01
   2.1867166e+01   9.4363558e-01
   2.1883608e+01   9.4340955e-01
   2.1900049e+01   9.4319229e-01
   2.1916491e+01   9.4297213e-01
   2.1932932e+01   9.4275465e-01
   2.1949374e+01   9.4254263e-01
   2.1965815e+01   9.4232307e-01
   2.1982256e+01   9.4210685e-01
   2.1998698e+01   9.4189280e-01
   2.2015139e+01   9.4167782e-01
   2.2031581e+01   9.4146489e-01
   2.2048022e+01   9.4124036e-01
   2.2064464e+01   9.4102083e-01
   2.2080905e+01   9.4079780e-01
   2.2097347e+01   9.4058718e-01
   2.2113788e+01   9.4036200e-01
   2.2130230e+01   9.4014909e-01
   2.2146671e+01   9.3993055e-01
   2.2163113e+01   9.3970797e-01
   2.2179554e+01   9.3949349e-01
   2.2195996e+01   9.3927309e-01
   2.2212437e+01   9.3905492e-01
   2.2228879e+01   9.3884272e-01
   2.2245320e+01   9.3862538e-01
   2.2261762e+01   9.3840859e-01
   2.2278203e+01   9.3818927e-01
   2.2294645e+01   9.3797341e-01
   2.2311086e+01   9.3775654e-01
   2.2327528e+01   9.3753712e-01
   2.2343969e+01   9.3731660e-01
   2.2360410e+01   9.3709868e-01
   2.2376852e+01   9.3688395e-01
   2.2393293e+01   9.3666175e-01
   2.2409735e+01   9.3644394e-01
   2.2426176e+01   9.3622016e-01
   2.2442618e+01   9.3599710e-01
   2.2459059e+01   9.3577485e-01
   2.2475501e+01   9.3555451e-01
   2.2491942e+01   9.3533551e-01
   2.2508384e+01   9.3510910e-01
   2.2524825e+01   9.3488659e-01
   2.2541267e+01   9.3466847e-01
   2.2557708e+01   9.3444549e-01
   2.2574150e+01   9.3422317e-01
   2.2590591e+01   9.3399825e-01
   2.2607033e+01   9.3378066e-01
   2.2623474e+01   9.3355790e-01
   2.2639916e+01   9.3333665e-01
   2.2656357e+01   9.3312259e-01
   2.2672799e+01   9.3290693e-01
   2.2689240e+01   9.3268746e-01
   2.2705682e+01   9.3246360e-01
   2.2722123e+01   9.3224461e-01
   2.2738564e+01   9.3202305e-01
   2.2755006e+01   9.3180445e-01
   2.2771447e+01   9.3158300e-01
   2.2787889e+01   9.3135519e-01
   2.2804330e+01   9.3112560e-01
   2.2820772e+01   9.3090403e-01
   2.2837213e+01   9.3068343e-01
   2.2853655e+01   9.3045856e-01
   2.2870096e+01   9.3023902e-01
   2.2886538e+01   9.3001699e-01
   2.2902979e+01   9.2979939e-01
   2.2919421e+01   9.2957452e-01
   2.2935862e+01   9.2934959e-01
   2.2952304e+01   9.2912540e-01
   2.2968745e+01   9.2890554e-01
   2.2985187e+01   9.2867599e-01
   2.3001628e+01   9.2845174e-01
   2.3018070e+01   9.2822547e-01
   2.3034511e+01   9.2800252e-01
   2.3050953e+01   9.2778177e-01
   2.3067394e+01   9.2756327e-01
   2.3083836e+01   9.2734145e-01
   2.3100277e+01   9.2711993e-01
   2.3116718e+01   9.2688893e-01
   2.3133160e+01   9.2667470e-01
   2.3149601e+01   9.2645596e-01
   2.3166043e+01   9.2623128e-01
   2.3182484e+01   9.2600693e-01
   2.3198926e+01   9.2578502e-01
   2.3215367e+01   9.2556075e-01
   2.3231809e+01   9.2533789e-01
   2.3248250e+01   9.2511007e-01
   2.3264692e+01   9.2488258e-01
   2.3281133e+01   9.2465260e-01
   2.3297575e+01   9.2442878e-01
   2.3314016e+01   9.2421060e-01
   2.3330458e+01   9.2397648e-01
   2.3346899e+01   9.2375326e-01
   2.3363341e+01   9.2352197e-01
   2.3379782e+01   9.2329371e-01
   2.3396224e+01   9.2307179e-01
   2.3412665e+01   9.2285059e-01
   2.3429107e+01   9.2262107e-01
   2.3445548e+01   9.2239203e-01
   2.3461990e+01   9.2217479e-01
   2.3478431e+01   9.2195251e-01
   2.3494872e+01   9.2172585e-01
   2.3511314e+01   9.2150215e-01
   2.3527755e+01   9.2127780e-01
   2.3544197e+01   9.2104934e-01
   2.3560638e+01   9.2082850e-01
   2.3577080e+01   9.2059970e-01
   2.3593521e+01   9.2037847e-01
   2.3609963e+01   9.2016485e-01
   2.3626404e+01   9.1994124e-01
   2.3642846e+01   9.1971494e-01
   2.3659287e+01   9.1948808e-01
   2.3675729e+01   9.1925819e-01
   2.3692170e+01   9.1903178e-01
   2.3708612e+01   9.1881060e-01
   2.3725053e+01   9.1858180e-01
   2.3741495e+01   9.1835482e-01
   2.3757936e+01   9.1813273e-01
   2.3774378e+01   9.1790752e-01
   2.3790819e+01   9.1768285e-01
   2.3807261e+01   9.1745420e-01
   2.3823702e+01   9.1722468e-01
   2.3840144e+01   9.1700541e-01
   2.3856585e+01   9.1677427e-01
   2.3873026e+01   9.1654492e-01
   2.3889468e+01   9.1632297e-01
   2.3905909e+01   9.1609501e-01
   2.3922351e+01   9.1586480e-01
   2.3938792e+01   9.1564386e-01
   2.3955234e+01   9.1541955e-01
   2.3971675e+01   9.1519169e-01
   2.3988117e+01   9.1496523e-01
   2.4004558e+01   9.1474068e-01
   2.4021000e+01   9.1451654e-01
   2.4037441e+01   9.1428740e-01
   2.4053883e+01   9.1406580e-01
   2.4070324e+01   9.1383872e-01
   2.4086766e+01   9.1360914e-01
   2.4103207e+01   9.1338055e-01
   2.4119649e+01   9.1315607e-01
   2.4136090e+01   9.1292377e-01
   2.4152532e+01   9.1269601e-01
   2.4168973e+01   9.1246524e-01
   2.4185415e+01   9.1223406e-01
   2.4201856e+01   9.1200316e-01
   2.4218298e+01   9.1177655e-01
   2.4234739e+01   9.1155062e-01
   2.4251180e+01   9.1132669e-01
   2.4267622e+01   9.1109950e-01
   2.4284063e+01   9.1087501e-01
   2.4300505e+01   9.1064300e-01
   2.4316946e+01   9.1041767e-01
   2.4333388e+01   9.1018925e-01
   2.4349829e+01   9.0996157e-01
   2.4366271e+01   9.0973599e-01
   2.4382712e+01   9.0950395e-01
   2.4399154e+01   9.0927627e-01
   2.4415595e+01   9.0905147e-01
   2.4432037e+01   9.0882574e-01
   2.4448478e+01   9.0859671e-01
   2.4464920e+01   9.0836637e-01
   2.4481361e+01   9.0813676e-01
   2.4497803e+01   9.0790780e-01
   2.4514244e+01   9.0767935e-01
   2.4530686e+01   9.0745212e-01
   2.4547127e+01   9.0722466e-01
   2.4563569e+01   9.0700068e-01
   2.4580010e+01   9.0677463e-01
   2.4596452e+01   9.0654350e-01
   2.4612893e+01   9.0631696e-01
   2.4629334e+01   9.0609049e-01
   2.4645776e+01   9.0586985e-01
   2.4662217e+01   9.0564211e-01
   2.4678659e+01   9.0540788e-01
   2.4695100e+01   9.0518706e-01
   2.4711542e+01   9.0496048e-01
   2.4727983e+01   9.0473532e-01
   2.4744425e+01   9.0450991e-01
   2.4760866e+01   9.0428546e-01
   2.4777308e+01   9.0405330e-01
   2.4793749e+01   9.0383135e-01
   2.4810191e+01   9.0360542e-01
   2.4826632e+01   9.0337001e-01
   2.4843074e+01   9.0313990e-01
   2.4859515e+01   9.0291214e-01
   2.4875957e+01   9.0268181e-01
   2.4892398e+01   9.0245206e-01
   2.4908840e+01   9.0221921e-01
   2.4925281e+01   9.0199158e-01
   2.4941723e+01   9.0176265e-01
   2.4958164e+01   9.0153785e-01
   2.4974606e+01   9.0131440e-01
   2.4991047e+01   9.0108440e-01
   2.5007488e+01   9.0085382e-01
   2.5023930e+01   9.0062338e-01
   2.5040371e+01   9.0040058e-01
   2.5056813e+01   9.0017355e-01
   2.5073254e+01   8.9995405e-01
   2.5089696e+01   8.9972684e-01
   2.5106137e+01   8.9950181e-01
   2.5122579e+01   8.9926996e-01
   2.5139020e+01   8.9904183e-01
   2.5155462e+01   8.9881623e-01
   2.5171903e+01   8.9858916e-01
   2.5188345e+01   8.9836610e-01
   2.5204786e+01   8.9814089e-01
   2.5221228e+01   8.9791619e-01
   2.5237669e+01   8.9768821e-01
   2.5254111e+01   8.9745897e-01
   2.5270552e+01   8.9723031e-01
   2.5286994e+01   8.9700203e-01
   2.5303435e+01   8.9676982e-01
   2.5319877e+01   8.9654671e-01
   2.5336318e+01   8.9631819e-01
   2.5352760e+01   8.9609586e-01
   2.5369201e+01   8.9587223e-01
   2.5385642e+01   8.9564334e-01
   2.5402084e+01   8.9541577e-01
   2.5418525e+01   8.9518488e-01
   2.5434967e+01   8.9495249e-01
   2.5451408e+01   8.9472094e-01
   2.5467850e+01   8.9449552e-01
   2.5484291e+01   8.9426570e-01
   2.5500733e+01   8.9404066e-01
   2.5517174e+01   8.9381570e-01
   2.5533616e+01   8.9358980e-01
   2.5550057e+01   8.9336382e-01
   2.5566499e+01   8.9313408e-01
   2.5582940e+01   8.9290626e-01
   2.5599382e+01   8.9268006e-01
   2.5615823e+01   8.9245188e-01
   2.5632265e+01   8.9222502e-01
   2.5648706e+01   8.9200623e-01
   2.5665148e+01   8.9178540e-01
   2.5681589e+01   8.9156559e-01
   2.5698031e+01   8.9133865e-01
   2.5714472e+01   8.9111381e-01
   2.5730914e+01   8.9088804e-01
   2.5747355e+01   8.9066110e-01
   2.5763796e+01   8.9043450e-01
   2.5780238e+01   8.9020892e-01
   2.5796679e+01   8.8998447e-01
   2.5813121e+01   8.8975753e-01
   2.5829562e+01   8.8953198e-01
   2.5846004e+01   8.8930977e-01
   2.5862445e+01   8.8908846e-01
   2.5878887e+01   8.8886106e-01
   2.5895328e+01   8.8863116e-01
   2.5911770e+01   8.8840246e-01
   2.5928211e+01   8.8817611e-01
   2.5944653e+01   8.8794827e-01
   2.5961094e+01   8.8772494e-01
   2.5977536e+01   8.8750151e-01
   2.5993977e+01   8.8727509e-01
   2.6010419e+01   8.8704452e-01
   2.6026860e+01   8.8681710e-01
   2.6043302e+01   8.8658650e-01
   2.6059743e+01   8.8636235e-01
   2.6076185e+01   8.8613589e-01
   2.6092626e+01   8.8590493e-01
   2.6109068e+01   8.8568500e-01
   2.6125509e+01   8.8546272e-01
   2.6141950e+01   8.8523695e-01
   2.6158392e+01   8.8501728e-01
   2.6174833e+01   8.8479383e-01
   2.6191275e+01   8.8456477e-01
   2.6207716e+01   8.8434482e-01
   2.6224158e+01   8.8411874e-01
   2.6240599e+01   8.8389942e-01
   2.6257041e+01   8.8367344e-01
   2.6273482e+01   8.8344731e-01
   2.6289924e+01   8.8321972e-01
   2.6306365e+01   8.8299601e-01
   2.6322807e+01   8.8277470e-01
   2.6339248e+01   8.8255143e-01
   2.6355690e+01   8.8232675e-01
   2.6372131e+01   8.8210103e-01
   2.6388573e+01   8.8187244e-01
   2.6405014e+01   8.8164142e-01
   2.6421456e+01   8.8141120e-01
   2.6437897e+01   8.8118572e-01
   2.6454339e+01   8.8096227e-01
   2.6470780e+01   8.8073956e-01
   2.6487222e+01   8.8051522e-01
   2.6503663e+01   8.8028824e-01
   2.6520104e+01   8.8006684e-01
   2.6536546e+01   8.7984423e-01
   2.6552987e+01   8.7962379e-01
   2.6569429e+01   8.7940155e-01
   2.6585870e+01   8.7918116e-01
   2.6602312e+01   8.7895829e-01
   2.6618753e+01   8.7873673e-01
   2.6635195e+01   8.7851681e-01
   2.6651636e+01   8.7828991e-01
   2.6668078e+01   8.7806594e-01
   2.6684519e+01   8.7783662e-01
   2.6700961e+01   8.7761568e-01
   2.6717402e+01   8.7738759e-01
   2.6733844e+01   8.7716619e-01
   2.6750285e+01   8.7694343e-01
   2.6766727e+01   8.7672078e-01
   2.6783168e+01   8.7649946e-01
   2.6799610e+01   8.7627433e-01
   2.6816051e+01   8.7604851e-01
   2.6832493e+01   8.7583093e-01
   2.6848934e+01   8.7560851e-01
   2.6865376e+01   8.7538763e-01
   2.6881817e+01   8.7517128e-01
   2.6898258e+01   8.7495074e-01
   2.6914700e+01   8.7472649e-01
   2.6931141e+01   8.7450759e-01
   2.6947583e+01   8.7428369e-01
   2.6964024e+01   8.7406081e-01
   2.6980466e+01   8.7383654e-01
   2.6996907e+01   8.7361175e-01
   2.7013349e+01   8.7338463e-01
   2.7029790e+01   8.7316017e-01
   2.7046232e+01   8.7293585e-01
   2.7062673e+01   8.7272117e-01
   2.7079115e+01   8.7249745e-01
   2.7095556e+01   8.7227142e-01
   2.7111998e+01   8.7205575e-01
   2.7128439e+01   8.7183270e-01
   2.7144881e+01   8.7160758e-01
   2.7161322e+01   8.7138955e-01
   2.7177764e+01   8.7116715e-01
   2.7194205e+01   8.7094481e-01
   2.7210647e+01   8.7072027e-01
   2.7227088e+01   8.7050674e-01
   2.7243530e+01   8.7028891e-01
   2.7259971e+01   8.7006651e-01
   2.7276412e+01   8.6984549e-01
   2.7292854e+01   8.6963017e-01
   2.7309295e+01   8.6940728e-01
   2.7325737e+01   8.6918758e-01
   2.7342178e+01   8.6897210e-01
   2.7358620e+01   8.6874590e-01
   2.7375061e+01   8.6852587e-01
   2.7391503e+01   8.6830361e-01
   2.7407944e+01   8.6808606e-01
   2.7424386e+01   8.6786127e-01
   2.7440827e+01   8.6764036e-01
   2.7457269e+01   8.6742040e-01
   2.7473710e+01   8.6719640e-01
   2.7490152e+01   8.6697446e-01
   2.7506593e+01   8.6675314e-01
   2.7523035e+01   8.6653624e-01
   2.7539476e+01   8.6632583e-01
   2.7555918e+01   8.6610831e-01
   2.7572359e+01   8.6589042e-01
   2.7588801e+01   8.6566300e-01
   2.7605242e+01   8.6544962e-01
   2.7621684e+01   8.6522377e-01
   2.7638125e+01   8.6500610e-01
   2.7654566e+01   8.6479062e-01
   2.7671008e+01   8.6456704e-01
   2.7687449e+01   8.6434847e-01
   2.7703891e+01   8.6412570e-01
   2.7720332e+01   8.6390691e-01
   2.7736774e+01   8.6369158e-01
   2.7753215e+01   8.6347590e-01
   2.7769657e+01   8.6325928e-01
   2.7786098e+01   8.6304088e-01
   2.7802540e+01   8.6282662e-01
   2.7818981e+01   8.6261125e-01
   2.7835423e+01   8.6239252e-01
   2.7851864e+01   8.6217329e-01
   2.7868306e+01   8.6195530e-01
   2.7884747e+01   8.6173807e-01
   2.7901189e+01   8.6152005e-01
   2.7917630e+01   8.6129794e-01
   2.7934072e+01   8.6107980e-01
   2.7950513e+01   8.6086530e-01
   2.7966955e+01   8.6064581e-01
   2.7983396e+01   8.6042717e-01
   2.7999838e+01   8.6021326e-01
   2.8016279e+01   8.5999526e-01
   2.8032720e+01   8.5977527e-01
   2.8049162e+01   8.5955367e-01
   2.8065603e+01   8.5933774e-01
   2.8082045e+01   8.5912092e-01
   2.8098486e+01   8.5890129e-01
   2.8114928e+01   8.5868215e-01
   2.8131369e+01   8.5846984e-01
   2.8147811e+01   8.5825396e-01
   2.8164252e+01   8.5804323e-01
   2.8180694e+01   8.5782392e-01
   2.8197135e+01   8.5760701e-01
   2.8213577e+01   8.5738339e-01
   2.8230018e+01   8.5716859e-01
   2.8246460e+01   8.5695626e-01
   2.8262901e+01   8.5674457e-01
   2.8279343e+01   8.5652712e-01
   2.8295784e+01   8.5631243e-01
   2.8312226e+01   8.5609509e-01
   2.8328667e+01   8.5588199e-01
   2.8345109e+01   8.5566862e-01
   2.8361550e+01   8.5545180e-01
   2.8377992e+01   8.5523266e-01
   2.8394433e+01   8.5501633e-01
   2.8410874e+01   8.5480265e-01
   2.8427316e+01   8.5459148e-01
   2.8443757e+01   8.5437697e-01
   2.8460199e+01   8.5416705e-01
   2.8476640e+01   8.5395180e-01
   2.8493082e+01   8.5374011e-01
   2.8509523e+01   8.5352723e-01
   2.8525965e+01   8.5331076e-01
   2.8542406e+01   8.5309977e-01
   2.8558848e+01   8.5288573e-01
   2.8575289e+01   8.5267036e-01
   2.8591731e+01   8.5246153e-01
   2.8608172e+01   8.5224670e-01
   2.8624614e+01   8.5203006e-01
   2.8641055e+01   8.5181591e-01
   2.8657497e+01   8.5160255e-01
   2.8673938e+01   8.5138837e-01
   2.8690380e+01   8.5118227e-01
   2.8706821e+01   8.5097096e-01
   2.8723263e+01   8.5075099e-01
   2.8739704e+01   8.5053176e-01
   2.8756146e+01   8.5032041e-01
   2.8772587e+01   8.5010564e-01
   2.8789028e+01   8.4989054e-01
   2.8805470e+01   8.4968113e-01
   2.8821911e+01   8.4946783e-01
   2.8838353e+01   8.4925436e-01
   2.8854794e+01   8.4904554e-01
   2.8871236e+01   8.4883558e-01
   2.8887677e+01   8.4862121e-01
   2.8904119e+01   8.4841535e-01
   2.8920560e+01   8.4819968e-01
   2.8937002e+01   8.4799202e-01
   2.8953443e+01   8.4777935e-01
   2.8969885e+01   8.4756574e-01
   2.8986326e+01   8.4735612e-01
   2.9002768e+01   8.4714712e-01
   2.9019209e+01   8.4693639e-01
   2.9035651e+01   8.4672431e-01
   2.9052092e+01   8.4651420e-01
   2.9068534e+01   8.4630440e-01
   2.9084975e+01   8.4609196e-01
   2.9101417e+01   8.4588822e-01
   2.9117858e+01   8.4567271e-01
   2.9134300e+01   8.4546321e-01
   2.9150741e+01   8.4525642e-01
   2.9167182e+01   8.4504955e-01
   2.9183624e+01   8.4483412e-01
   2.9200065e+01   8.4462325e-01
   2.9216507e+01   8.4441398e-01
   2.9232948e+01   8.4419993e-01
   2.9249390e+01   8.4399204e-01
   2.9265831e+01   8.4378024e-01
   2.9282273e+01   8.4357000e-01
   2.9298714e+01   8.4336001e-01
   2.9315156e+01   8.4314651e-01
   2.9331597e+01   8.4293847e-01
   2.9348039e+01   8.4272873e-01
   2.9364480e+01   8.4251762e-01
   2.9380922e+01   8.4230878e-01
   2.9397363e+01   8.4210120e-01
   2.9413805e+01   8.4189682e-01
   2.9430246e+01   8.4169138e-01
   2.9446688e+01   8.4148077e-01
   2.9463129e+01   8.4127109e-01
   2.9479571e+01   8.4106463e-01
   2.9496012e+01   8.4085932e-01
   2.9512454e+01   8.4065226e-01
   2.9528895e+01   8.4045088e-01
   2.9545336e+01   8.4024891e-01
   2.9561778e+01   8.4004434e-01
   2.9578219e+01   8.3983887e-01
   2.9594661e+01   8.3963168e-01
   2.9611102e+01   8.3942344e-01
   2.9627544e+01   8.3921603e-01
   2.9643985e+01   8.3901065e-01
   2.9660427e+01   8.3880727e-01
   2.9676868e+01   8.3859573e-01
   2.9693310e+01   8.3839039e-01
   2.9709751e+01   8.3818785e-01
   2.9726193e+01   8.3798359e-01
   2.9742634e+01   8.3777394e-01
   2.9759076e+01   8.3756931e-01
   2.9775517e+01   8.3736172e-01
   2.9791959e+01   8.3715519e-01
   2.9808400e+01   8.3694672e-01
   2.9824842e+01   8.3674138e-01
   2.9841283e+01   8.3653956e-01
   2.9857725e+01   8.3633191e-01
   2.9874166e+01   8.3612815e-01
   2.9890608e+01   8.3592452e-01
   2.9907049e+01   8.3571328e-01
   2.9923490e+01   8.3550408e-01
   2.9939932e+01   8.3530319e-01
   2.9956373e+01   8.3509588e-01
   2.9972815e+01   8.3489142e-01
   2.9989256e+01   8.3468650e-01
   3.0005698e+01   8.3448381e-01
   3.0022139e+01   8.3428080e-01
   3.0038581e+01   8.3407408e-01
   3.0055022e+01   8.3387400e-01
   3.0071464e+01   8.3366549e-01
   3.0087905e+01   8.3346142e-01
   3.0104347e+01   8.3325808e-01
   3.0120788e+01   8.3305525e-01
   3.0137230e+01   8.3285153e-01
   3.0153671e+01   8.3264597e-01
   3.0170113e+01   8.3243868e-01
   3.0186554e+01   8.3223633e-01
   3.0202996e+01   8.3203170e-01
   3.0219437e+01   8.3182910e-01
   3.0235879e+01   8.3162675e-01
   3.0252320e+01   8.3142176e-01
   3.0268762e+01   8.3121873e-01
   3.0285203e+01   8.3101566e-01
   3.0301644e+01   8.3081296e-01
   3.0318086e+01   8.3061312e-01
   3.0334527e+01   8.3040564e-01
   3.0350969e+01   8.3020795e-01
   3.0367410e+01   8.3001268e-01
   3.0383852e+01   8.2981585e-01
   3.0400293e+01   8.2961237e-01
   3.0416735e+01   8.2941528e-01
   3.0433176e+01   8.2921159e-01
   3.0449618e+01   8.2901787e-01
   3.0466059e+01   8.2881881e-01
   3.0482501e+01   8.2861609e-01
   3.0498942e+01   8.2841614e-01
   3.0515384e+01   8.2821611e-01
   3.0531825e+01   8.2801448e-01
   3.0548267e+01   8.2781701e-01
   3.0564708e+01   8.2761644e-01
   3.0581150e+01   8.2741628e-01
   3.0597591e+01   8.2721111e-01
   3.0614033e+01   8.2701397e-01
   3.0630474e+01   8.2681028e-01
   3.0646916e+01   8.2660701e-01
   3.0663357e+01   8.2640198e-01
   3.0679798e+01   8.2619904e-01
   3.0696240e+01   8.2599971e-01
   3.0712681e+01   8.2580139e-01
   3.0729123e+01   8.2560028e-01
   3.0745564e+01   8.2540335e-01
   3.0762006e+01   8.2520439e-01
   3.0778447e+01   8.2500809e-01
   3.0794889e+01   8.2481049e-01
   3.0811330e+01   8.2461101e-01
   3.0827772e+01   8.2441401e-01
   3.0844213e+01   8.2421115e-01
   3.0860655e+01   8.2401642e-01
   3.0877096e+01   8.2381711e-01
   3.0893538e+01   8.2361431e-01
   3.0909979e+01   8.2342377e-01
   3.0926421e+01   8.2323033e-01
   3.0942862e+01   8.2303418e-01
   3.0959304e+01   8.2283817e-01
   3.0975745e+01   8.2264301e-01
   3.0992187e+01   8.2244777e-01
   3.1008628e+01   8.2225325e-01
   3.1025070e+01   8.2205950e-01
   3.1041511e+01   8.2186073e-01
   3.1057952e+01   8.2166688e-01
   3.1074394e+01   8.2146973e-01
   3.1090835e+01   8.2127579e-01
   3.1107277e+01   8.2107901e-01
   3.1123718e+01   8.2088110e-01
   3.1140160e+01   8.2068858e-01
   3.1156601e+01   8.2048886e-01
   3.1173043e+01   8.2029176e-01
   3.1189484e+01   8.2009342e-01
   3.1205926e+01   8.1989969e-01
   3.1222367e+01   8.1970401e-01
   3.1238809e+01   8.1950596e-01
   3.1255250e+01   8.1931212e-01
   3.1271692e+01   8.1911461e-01
   3.1288133e+01   8.1891806e-01
   3.1304575e+01   8.1872416e-01
   3.1321016e+01   8.1853114e-01
   3.1337458e+01   8.1833553e-01
   3.1353899e+01   8.1813802e-01
   3.1370341e+01   8.1794279e-01
   3.1386782e+01   8.1774501e-01
   3.1403224e+01   8.1754711e-01
   3.1419665e+01   8.1736014e-01
   3.1436106e+01   8.1716594e-01
   3.1452548e+01   8.1697379e-01
   3.1468989e+01   8.1677939e-01
   3.1485431e+01   8.1658507e-01
   3.1501872e+01   8.1639134e-01
   3.1518314e+01   8.1620150e-01
   3.1534755e+01   8.1601380e-01
   3.1551197e+01   8.1582348e-01
   3.1567638e+01   8.1563155e-01
   3.1584080e+01   8.1543992e-01
   3.1600521e+01   8.1524481e-01
   3.1616963e+01   8.1504854e-01
   3.1633404e+01   8.1485420e-01
   3.1649846e+01   8.1466077e-01
   3.1666287e+01   8.1446882e-01
   3.1682729e+01   8.1427718e-01
   3.1699170e+01   8.1408454e-01
   3.1715612e+01   8.1389101e-01
   3.1732053e+01   8.1369998e-01
   3.1748495e+01   8.1350234e-01
   3.1764936e+01   8.1331520e-01
   3.1781378e+01   8.1312390e-01
   3.1797819e+01   8.1293374e-01
   3.1814260e+01   8.1274939e-01
   3.1830702e+01   8.1256027e-01
   3.1847143e+01   8.1237091e-01
   3.1863585e+01   8.1218413e-01
   3.1880026e+01   8.1199291e-01
   3.1896468e+01   8.1180009e-01
   3.1912909e+01   8.1160991e-01
   3.1929351e+01   8.1141928e-01
   3.1945792e+01   8.1123052e-01
   3.1962234e+01   8.1103675e-01
   3.1978675e+01   8.1085437e-01
   3.1995117e+01   8.1066929e-01
   3.2011558e+01   8.1047848e-01
   3.2028000e+01   8.1028454e-01
   3.2044441e+01   8.1009660e-01
   3.2060883e+01   8.0990568e-01
   3.2077324e+01   8.0971541e-01
   3.2093766e+01   8.0951994e-01
   3.2110207e+01   8.0933190e-01
   3.2126649e+01   8.0914366e-01
   3.2143090e+01   8.0895337e-01
   3.2159532e+01   8.0876372e-01
   3.2175973e+01   8.0857787e-01
   3.2192414e+01   8.0838544e-01
   3.2208856e+01   8.0819570e-01
   3.2225297e+01   8.0801306e-01
   3.2241739e+01   8.0782458e-01
   3.2258180e+01   8.0763502e-01
   3.2274622e+01   8.0744811e-01
   3.2291063e+01   8.0725974e-01
   3.2307505e+01   8.0706981e-01
   3.2323946e+01   8.0688857e-01
   3.2340388e+01   8.0670497e-01
   3.2356829e+01   8.0651808e-01
   3.2373271e+01   8.0633376e-01
   3.2389712e+01   8.0614796e-01
   3.2406154e+01   8.0596238e-01
   3.2422595e+01   8.0577753e-01
   3.2439037e+01   8.0559136e-01
   3.2455478e+01   8.0540888e-01
   3.2471920e+01   8.0522753e-01
   3.2488361e+01   8.0504055e-01
   3.2504803e+01   8.0485441e-01
   3.2521244e+01   8.0466742e-01
   3.2537686e+01   8.0448259e-01
   3.2554127e+01   8.0429464e-01
   3.2570568e+01   8.0411039e-01
   3.2587010e+01   8.0392834e-01
   3.2603451e+01   8.0374196e-01
   3.2619893e+01   8.0355095e-01
   3.2636334e+01   8.0336315e-01
   3.2652776e+01   8.0317543e-01
   3.2669217e+01   8.0298825e-01
   3.2685659e+01   8.0280729e-01
   3.2702100e+01   8.0262095e-01
   3.2718542e+01   8.0243684e-01
   3.2734983e+01   8.0225654e-01
   3.2751425e+01   8.0206909e-01
   3.2767866e+01   8.0188224e-01
   3.2784308e+01   8.0169605e-01
   3.2800749e+01   8.0151291e-01
   3.2817191e+01   8.0132851e-01
   3.2833632e+01   8.0114461e-01
   3.2850074e+01   8.0096123e-01
   3.2866515e+01   8.0077989e-01
   3.2882957e+01   8.0059552e-01
   3.2899398e+01   8.0041932e-01
   3.2915840e+01   8.0023566e-01
   3.2932281e+01   8.0005136e-01
   3.2948722e+01   7.9986855e-01
   3.2965164e+01   7.9968777e-01
   3.2981605e+01   7.9950621e-01
   3.2998047e+01   7.9932834e-01
   3.3014488e+01   7.9913951e-01
   3.3030930e+01   7.9895757e-01
   3.3047371e+01   7.9877933e-01
   3.3063813e+01   7.9860214e-01
   3.3080254e+01   7.9842420e-01
   3.3096696e+01   7.9824775e-01
   3.3113137e+01   7.9806491e-01
   3.3129579e+01   7.9788244e-01
   3.3146020e+01   7.9769859e-01
   3.3162462e+01   7.9751555e-01
   3.3178903e+01   7.9733283e-01
   3.3195345e+01   7.9715522e-01
   3.3211786e+01   7.9697575e-01
   3.3228228e+01   7.9679763e-01
   3.3244669e+01   7.9662160e-01
   3.3261111e+01   7.9643759e-01
   3.3277552e+01   7.9626351e-01
   3.3293994e+01   7.9608455e-01
   3.3310435e+01   7.9590428e-01
   3.3326876e+01   7.9572329e-01
   3.3343318e+01   7.9554116e-01
   3.3359759e+01   7.9536077e-01
   3.3376201e+01   7.9518014e-01
   3.3392642e+01   7.9500455e-01
   3.3409084e+01   7.9482677e-01
   3.3425525e+01   7.9464681e-01
   3.3441967e+01   7.9446875e-01
   3.3458408e+01   7.9428794e-01
   3.3474850e+01   7.9410943e-01
   3.3491291e+01   7.9392964e-01
   3.3507733e+01   7.9375390e-01
   3.3524174e+01   7.9357921e-01
   3.3540616e+01   7.9340332e-01
   3.3557057e+01   7.9322969e-01
   3.3573499e+01   7.9305165e-01
   3.3589940e+01   7.9287528e-01
   3.3606382e+01   7.9269320e-01
   3.3622823e+01   7.9251968e-01
   3.3639265e+01   7.9234415e-01
   3.3655706e+01   7.9216573e-01
   3.3672148e+01   7.9199035e-01
   3.3688589e+01   7.9180811e-01
   3.3705030e+01   7.9162950e-01
   3.3721472e+01   7.9145432e-01
   3.3737913e+01   7.9128328e-01
   3.3754355e+01   7.9110504e-01
   3.3770796e+01   7.9092816e-01
   3.3787238e+01   7.9075123e-01
   3.3803679e+01   7.9057331e-01
   3.3820121e+01   7.9039792e-01
   3.3836562e+01   7.9022019e-01
   3.3853004e+01   7.9004616e-01
   3.3869445e+01   7.8987002e-01
   3.3885887e+01   7.8969819e-01
   3.3902328e+01   7.8952317e-01
   3.3918770e+01   7.8934786e-01
   3.3935211e+01   7.8917323e-01
   3.3951653e+01   7.8899156e-01
   3.3968094e+01   7.8881876e-01
   3.3984536e+01   7.8864239e-01
   3.4000977e+01   7.8846918e-01
   3.4017419e+01   7.8829434e-01
   3.4033860e+01   7.8812119e-01
   3.4050302e+01   7.8794844e-01
   3.4066743e+01   7.8777301e-01
   3.4083184e+01   7.8760152e-01
   3.4099626e+01   7.8742847e-01
   3.4116067e+01   7.8725441e-01
   3.4132509e+01   7.8707784e-01
   3.4148950e+01   7.8691035e-01
   3.4165392e+01   7.8674092e-01
   3.4181833e+01   7.8656423e-01
   3.4198275e+01   7.8639049e-01
   3.4214716e+01   7.8621030e-01
   3.4231158e+01   7.8603467e-01
   3.4247599e+01   7.8586266e-01
   3.4264041e+01   7.8568656e-01
   3.4280482e+01   7.8551686e-01
   3.4296924e+01   7.8534724e-01
   3.4313365e+01   7.8517784e-01
   3.4329807e+01   7.8500784e-01
   3.4346248e+01   7.8484067e-01
   3.4362690e+01   7.8466733e-01
   3.4379131e+01   7.8449900e-01
   3.4395573e+01   7.8433097e-01
   3.4412014e+01   7.8416112e-01
   3.4428456e+01   7.8398776e-01
   3.4444897e+01   7.8381834e-01
   3.4461338e+01   7.8364573e-01
   3.4477780e+01   7.8347517e-01
   3.4494221e+01   7.8330342e-01
   3.4510663e+01   7.8313421e-01
   3.4527104e+01   7.8296581e-01
   3.4543546e+01   7.8279295e-01
   3.4559987e+01   7.8262241e-01
   3.4576429e+01   7.8245195e-01
   3.4592870e+01   7.8228006e-01
   3.4609312e+01   7.8210937e-01
   3.4625753e+01   7.8193584e-01
   3.4642195e+01   7.8176923e-01
   3.4658636e+01   7.8160532e-01
   3.4675078e+01   7.8143489e-01
   3.4691519e+01   7.8126458e-01
   3.4707961e+01   7.8109785e-01
   3.4724402e+01   7.8092863e-01
   3.4740844e+01   7.8076339e-01
   3.4757285e+01   7.8059201e-01
   3.4773727e+01   7.8042568e-01
   3.4790168e+01   7.8025764e-01
   3.4806610e+01   7.8009057e-01
   3.4823051e+01   7.7992060e-01
   3.4839492e+01   7.7975483e-01
   3.4855934e+01   7.7959068e-01
   3.4872375e+01   7.7942131e-01
   3.4888817e+01   7.7925584e-01
   3.4905258e+01   7.7908815e-01
   3.4921700e+01   7.7891863e-01
   3.4938141e+01   7.7875308e-01
   3.4954583e+01   7.7858493e-01
   3.4971024e+01   7.7841216e-01
   3.4987466e+01   7.7824130e-01
   3.5003907e+01   7.7807814e-01
   3.5020349e+01   7.7790724e-01
   3.5036790e+01   7.7774848e-01
   3.5053232e+01   7.7758096e-01
   3.5069673e+01   7.7741133e-01
   3.5086115e+01   7.7724425e-01
   3.5102556e+01   7.7707455e-01
   3.5118998e+01   7.7691397e-01
   3.5135439e+01   7.7674617e-01
   3.5151881e+01   7.7658532e-01
   3.5168322e+01   7.7641873e-01
   3.5184764e+01   7.7625626e-01
   3.5201205e+01   7.7609070e-01
   3.5217646e+01   7.7592699e-01
   3.5234088e+01   7.7576355e-01
   3.5250529e+01   7.7560096e-01
   3.5266971e+01   7.7543394e-01
   3.5283412e+01   7.7526903e-01
   3.5299854e+01   7.7510618e-01
   3.5316295e+01   7.7494185e-01
   3.5332737e+01   7.7477320e-01
   3.5349178e+01   7.7460758e-01
   3.5365620e+01   7.7444239e-01
   3.5382061e+01   7.7428162e-01
   3.5398503e+01   7.7411831e-01
   3.5414944e+01   7.7395608e-01
   3.5431386e+01   7.7379159e-01
   3.5447827e+01   7.7362988e-01
   3.5464269e+01   7.7346552e-01
   3.5480710e+01   7.7330211e-01
   3.5497152e+01   7.7313919e-01
   3.5513593e+01   7.7297434e-01
   3.5530035e+01   7.7281261e-01
   3.5546476e+01   7.7264763e-01
   3.5562918e+01   7.7248342e-01
   3.5579359e+01   7.7231580e-01
   3.5595800e+01   7.7215764e-01
   3.5612242e+01   7.7199357e-01
   3.5628683e+01   7.7183264e-01
   3.5645125e+01   7.7167036e-01
   3.5661566e+01   7.7150938e-01
   3.5678008e+01   7.7135269e-01
   3.5694449e+01   7.7118748e-01
   3.5710891e+01   7.7102510e-01
   3.5727332e+01   7.7086558e-01
   3.5743774e+01   7.7070618e-01
   3.5760215e+01   7.7055139e-01
   3.5776657e+01   7.7039122e-01
   3.5793098e+01   7.7023440e-01
   3.5809540e+01   7.7007296e-01
   3.5825981e+01   7.6991025e-01
   3.5842423e+01   7.6975020e-01
   3.5858864e+01   7.6958838e-01
   3.5875306e+01   7.6943128e-01
   3.5891747e+01   7.6927316e-01
   3.5908189e+01   7.6911126e-01
   3.5924630e+01   7.6894505e-01
   3.5941072e+01   7.6878078e-01
   3.5957513e+01   7.6861898e-01
   3.5973954e+01   7.6846096e-01
   3.5990396e+01   7.6830644e-01
   3.6006837e+01   7.6815213e-01
   3.6023279e+01   7.6799138e-01
   3.6039720e+01   7.6782859e-01
   3.6056162e+01   7.6766726e-01
   3.6072603e+01   7.6750728e-01
   3.6089045e+01   7.6734421e-01
   3.6105486e+01   7.6718668e-01
   3.6121928e+01   7.6702837e-01
   3.6138369e+01   7.6686777e-01
   3.6154811e+01   7.6671195e-01
   3.6171252e+01   7.6655110e-01
   3.6187694e+01   7.6639284e-01
   3.6204135e+01   7.6623728e-01
   3.6220577e+01   7.6608448e-01
   3.6237018e+01   7.6592101e-01
   3.6253460e+01   7.6576195e-01
   3.6269901e+01   7.6560327e-01
   3.6286343e+01   7.6545007e-01
   3.6302784e+01   7.6529072e-01
   3.6319226e+01   7.6513021e-01
   3.6335667e+01   7.6497197e-01
   3.6352108e+01   7.6481901e-01
   3.6368550e+01   7.6466614e-01
   3.6384991e+01   7.6451172e-01
   3.6401433e+01   7.6434859e-01
   3.6417874e+01   7.6419381e-01
   3.6434316e+01   7.6403467e-01
   3.6450757e+01   7.6387392e-01
   3.6467199e+01   7.6371787e-01
   3.6483640e+01   7.6356519e-01
   3.6500082e+01   7.6340711e-01
   3.6516523e+01   7.6325372e-01
   3.6532965e+01   7.6310327e-01
   3.6549406e+01   7.6294685e-01
   3.6565848e+01   7.6279036e-01
   3.6582289e+01   7.6263839e-01
   3.6598731e+01   7.6248327e-01
   3.6615172e+01   7.6232924e-01
   3.6631614e+01   7.6217280e-01
   3.6648055e+01   7.6201640e-01
   3.6664497e+01   7.6185997e-01
   3.6680938e+01   7.6170528e-01
   3.6697380e+01   7.6154988e-01
   3.6713821e+01   7.6139547e-01
   3.6730262e+01   7.6124361e-01
   3.6746704e+01   7.6108917e-01
   3.6763145e+01   7.6093368e-01
   3.6779587e+01   7.6077981e-01
   3.6796028e+01   7.6062426e-01
   3.6812470e+01   7.6046960e-01
   3.6828911e+01   7.6031923e-01
   3.6845353e+01   7.6016317e-01
   3.6861794e+01   7.6001022e-01
   3.6878236e+01   7.5985958e-01
   3.6894677e+01   7.5970768e-01
   3.6911119e+01   7.5955236e-01
   3.6927560e+01   7.5939845e-01
   3.6944002e+01   7.5924792e-01
   3.6960443e+01   7.5909243e-01
   3.6976885e+01   7.5894417e-01
   3.6993326e+01   7.5878795e-01
   3.7009768e+01   7.5863382e-01
   3.7026209e+01   7.5848209e-01
   3.7042651e+01   7.5833196e-01
   3.7059092e+01   7.5818123e-01
   3.7075534e+01   7.5802981e-01
   3.7091975e+01   7.5787475e-01
   3.7108416e+01   7.5772383e-01
   3.7124858e+01   7.5757162e-01
   3.7141299e+01   7.5742101e-01
   3.7157741e+01   7.5727507e-01
   3.7174182e+01   7.5712784e-01
   3.7190624e+01   7.5697153e-01
   3.7207065e+01   7.5681611e-01
   3.7223507e+01   7.5667019e-01
   3.7239948e+01   7.5651641e-01
   3.7256390e+01   7.5636221e-01
   3.7272831e+01   7.5621260e-01
   3.7289273e+01   7.5606025e-01
   3.7305714e+01   7.5590942e-01
   3.7322156e+01   7.5575861e-01
   3.7338597e+01   7.5561085e-01
   3.7355039e+01   7.5545742e-01
   3.7371480e+01   7.5530640e-01
   3.7387922e+01   7.5515775e-01
   3.7404363e+01   7.5500610e-01
   3.7420805e+01   7.5486000e-01
   3.7437246e+01   7.5471643e-01
   3.7453688e+01   7.5456445e-01
   3.7470129e+01   7.5441705e-01
   3.7486570e+01   7.5426854e-01
   3.7503012e+01   7.5411716e-01
   3.7519453e+01   7.5397325e-01
   3.7535895e+01   7.5382415e-01
   3.7552336e+01   7.5367602e-01
   3.7568778e+01   7.5352942e-01
   3.7585219e+01   7.5338024e-01
   3.7601661e+01   7.5323087e-01
   3.7618102e+01   7.5308291e-01
   3.7634544e+01   7.5293582e-01
   3.7650985e+01   7.5278879e-01
   3.7667427e+01   7.5264251e-01
   3.7683868e+01   7.5249271e-01
   3.7700310e+01   7.5235156e-01
   3.7716751e+01   7.5220071e-01
   3.7733193e+01   7.5205273e-01
   3.7749634e+01   7.5190439e-01
   3.7766076e+01   7.5175336e-01
   3.7782517e+01   7.5160800e-01
   3.7798959e+01   7.5146042e-01
   3.7815400e+01   7.5131049e-01
   3.7831842e+01   7.5116155e-01
   3.7848283e+01   7.5101456e-01
   3.7864724e+01   7.5086871e-01
   3.7881166e+01   7.5071851e-01
   3.7897607e+01   7.5056668e-01
   3.7914049e+01   7.5042354e-01
   3.7930490e+01   7.5027774e-01
   3.7946932e+01   7.5013115e-01
   3.7963373e+01   7.4999049e-01
   3.7979815e+01   7.4984298e-01
   3.7996256e+01   7.4969514e-01
   3.8012698e+01   7.4955216e-01
   3.8029139e+01   7.4941126e-01
   3.8045581e+01   7.4926676e-01
   3.8062022e+01   7.4912061e-01
   3.8078464e+01   7.4897371e-01
   3.8094905e+01   7.4882794e-01
   3.8111347e+01   7.4868113e-01
   3.8127788e+01   7.4853394e-01
   3.8144230e+01   7.4838996e-01
   3.8160671e+01   7.4824249e-01
   3.8177113e+01   7.4809803e-01
   3.8193554e+01   7.4795170e-01
   3.8209996e+01   7.4780499e-01
   3.8226437e+01   7.4766446e-01
   3.8242878e+01   7.4751761e-01
   3.8259320e+01   7.4737971e-01
   3.8275761e+01   7.4723681e-01
   3.8292203e+01   7.4709395e-01
   3.8308644e+01   7.4695051e-01
   3.8325086e+01   7.4680864e-01
   3.8341527e+01   7.4666464e-01
   3.8357969e+01   7.4652684e-01
   3.8374410e+01   7.4638421e-01
   3.8390852e+01   7.4624271e-01
   3.8407293e+01   7.4609539e-01
   3.8423735e+01   7.4595665e-01
   3.8440176e+01   7.4581682e-01
   3.8456618e+01   7.4567290e-01
   3.8473059e+01   7.4552894e-01
   3.8489501e+01   7.4538742e-01
   3.8505942e+01   7.4524698e-01
   3.8522384e+01   7.4510565e-01
   3.8538825e+01   7.4496761e-01
   3.8555267e+01   7.4482721e-01
   3.8571708e+01   7.4468247e-01
   3.8588150e+01   7.4453996e-01
   3.8604591e+01   7.4439599e-01
   3.8621032e+01   7.4425432e-01
   3.8637474e+01   7.4411219e-01
   3.8653915e+01   7.4397108e-01
   3.8670357e+01   7.4382778e-01
   3.8686798e+01   7.4368815e-01
   3.8703240e+01   7.4354422e-01
   3.8719681e+01   7.4340116e-01
   3.8736123e+01   7.4326194e-01
   3.8752564e+01   7.4312092e-01
   3.8769006e+01   7.4298200e-01
   3.8785447e+01   7.4283706e-01
   3.8801889e+01   7.4270151e-01
   3.8818330e+01   7.4255878e-01
   3.8834772e+01   7.4241604e-01
   3.8851213e+01   7.4227480e-01
   3.8867655e+01   7.4213224e-01
   3.8884096e+01   7.4199546e-01
   3.8900538e+01   7.4185744e-01
   3.8916979e+01   7.4171953e-01
   3.8933421e+01   7.4157830e-01
   3.8949862e+01   7.4143976e-01
   3.8966304e+01   7.4129948e-01
   3.8982745e+01   7.4116163e-01
   3.8999186e+01   7.4102378e-01
   3.9015628e+01   7.4088571e-01
   3.9032069e+01   7.4074965e-01
   3.9048511e+01   7.4060686e-01
   3.9064952e+01   7.4046439e-01
   3.9081394e+01   7.4033072e-01
   3.9097835e+01   7.4019442e-01
   3.9114277e+01   7.4005449e-01
   3.9130718e+01   7.3991195e-01
   3.9147160e+01   7.3977498e-01
   3.9163601e+01   7.3963632e-01
   3.9180043e+01   7.3950282e-01
   3.9196484e+01   7.3936143e-01
   3.9212926e+01   7.3922734e-01
   3.9229367e+01   7.3908745e-01
   3.9245809e+01   7.3895054e-01
   3.9262250e+01   7.3881192e-01
   3.9278692e+01   7.3867504e-01
   3.9295133e+01   7.3853639e-01
   3.9311575e+01   7.3840000e-01
   3.9328016e+01   7.3826451e-01
   3.9344458e+01   7.3812695e-01
   3.9360899e+01   7.3798962e-01
   3.9377340e+01   7.3784893e-01
   3.9393782e+01   7.3771454e-01
   3.9410223e+01   7.3757609e-01
   3.9426665e+01   7.3744209e-01
   3.9443106e+01   7.3730616e-01
   3.9459548e+01   7.3717202e-01
   3.9475989e+01   7.3703927e-01
   3.9492431e+01   7.3689975e-01
   3.9508872e+01   7.3676482e-01
   3.9525314e+01   7.3662587e-01
   3.9541755e+01   7.3649144e-01
   3.9558197e+01   7.3635504e-01
   3.9574638e+01   7.3621861e-01
   3.9591080e+01   7.3608406e-01
   3.9607521e+01   7.3594755e-01
   3.9623963e+01   7.3581200e-01
   3.9640404e+01   7.3567868e-01
   3.9656846e+01   7.3554504e-01
   3.9673287e+01   7.3541156e-01
   3.9689729e+01   7.3527927e-01
   3.9706170e+01   7.3514322e-01
   3.9722612e+01   7.3500540e-01
   3.9739053e+01   7.3486985e-01
   3.9755494e+01   7.3473771e-01
   3.9771936e+01   7.3460249e-01
   3.9788377e+01   7.3446723e-01
   3.9804819e+01   7.3433175e-01
   3.9821260e+01   7.3419650e-01
   3.9837702e+01   7.3406657e-01
