   0.0000000e+00   0.0000000e+00
   1.6441665e-02   1.2324822e+00
   3.2883331e-02   1.2324780e+00
   4.9324996e-02   1.2324704e+00
   6.5766661e-02   1.2324752e+00
   8.2208327e-02   1.2324787e+00
   9.8649992e-02   1.2324754e+00
   1.1509166e-01   1.2324722e+00
   1.3153332e-01   1.2324693e+00
   1.4797499e-01   1.2324707e+00
   1.6441665e-01   1.2324790e+00
   1.8085832e-01   1.2324830e+00
   1.9729998e-01   1.2324744e+00
   2.1374165e-01   1.2324762e+00
   2.3018331e-01   1.2324746e+00
   2.4662498e-01   1.2324791e+00
   2.6306665e-01   1.2324687e+00
   2.7950831e-01   1.2324749e+00
   2.9594998e-01   1.2324752e+00
   3.1239164e-01   1.2324674e+00
   3.2883331e-01   1.2324687e+00
   3.4527497e-01   1.2324581e+00
   3.6171664e-01   1.2324574e+00
   3.7815830e-01   1.2324526e+00
   3.9459997e-01   1.2324373e+00
   4.1104163e-01   1.2324252e+00
   4.2748330e-01   1.2324080e+00
   4.4392496e-01   1.2324015e+00
   4.6036663e-01   1.2323998e+00
   4.7680830e-01   1.2323870e+00
   4.9324996e-01   1.2323667e+00
   5.0969163e-01   1.2323543e+00
   5.2613329e-01   1.2323424e+00
   5.4257496e-01   1.2323287e+00
   5.5901662e-01   1.2323075e+00
   5.7545829e-01   1.2322856e+00
   5.9189995e-01   1.2322717e+00
   6.0834162e-01   1.2322455e+00
   6.2478328e-01   1.2322215e+00
   6.4122495e-01   1.2322036e+00
   6.5766661e-01   1.2321811e+00
   6.7410828e-01   1.2321450e+00
   6.9054994e-01   1.2321127e+00
   7.0699161e-01   1.2320771e+00
   7.2343328e-01   1.2320387e+00
   7.3987494e-01   1.2319876e+00
   7.5631661e-01   1.2319344e+00
   7.7275827e-01   1.2318777e+00
   7.8919994e-01   1.2318189e+00
   8.0564160e-01   1.2317505e+00
   8.2208327e-01   1.2316791e+00
   8.3852493e-01   1.2316017e+00
   8.5496660e-01   1.2315251e+00
   8.7140826e-01   1.2314393e+00
   8.8784993e-01   1.2313475e+00
   9.0429159e-01   1.2312423e+00
   9.2073326e-01   1.2311356e+00
   9.3717492e-01   1.2310140e+00
   9.5361659e-01   1.2308665e+00
   9.7005826e-01   1.2307109e+00
   9.8649992e-01   1.2305400e+00
   1.0029416e+00   1.2303574e+00
   1.0193833e+00   1.2301594e+00
   1.0358249e+00   1.2299469e+00
   1.0522666e+00   1.2297185e+00
   1.0687082e+00   1.2294579e+00
   1.0851499e+00   1.2291768e+00
   1.1015916e+00   1.2288706e+00
   1.1180332e+00   1.2285403e+00
   1.1344749e+00   1.2281791e+00
   1.1509166e+00   1.2277833e+00
   1.1673582e+00   1.2273566e+00
   1.1837999e+00   1.2268900e+00
   1.2002416e+00   1.2263824e+00
   1.2166832e+00   1.2258208e+00
   1.2331249e+00   1.2252147e+00
   1.2495666e+00   1.2245487e+00
   1.2660082e+00   1.2238401e+00
   1.2824499e+00   1.2230570e+00
   1.2988916e+00   1.2222141e+00
   1.3153332e+00   1.2212957e+00
   1.3317749e+00   1.2203064e+00
   1.3482166e+00   1.2192321e+00
   1.3646582e+00   1.2180735e+00
   1.3810999e+00   1.2168243e+00
   1.3975416e+00   1.2154782e+00
   1.4139832e+00   1.2140209e+00
   1.4304249e+00   1.2124510e+00
   1.4468666e+00   1.2107638e+00
   1.4633082e+00   1.2089520e+00
   1.4797499e+00   1.2070109e+00
   1.4961915e+00   1.2049357e+00
   1.5126332e+00   1.2027185e+00
   1.5290749e+00   1.2003472e+00
   1.5455165e+00   1.1978292e+00
   1.5619582e+00   1.1951476e+00
   1.5783999e+00   1.1922998e+00
   1.5948415e+00   1.1892907e+00
   1.6112832e+00   1.1860990e+00
   1.6277249e+00   1.1827528e+00
   1.6441665e+00   1.1792259e+00
   1.6606082e+00   1.1755209e+00
   1.6770499e+00   1.1716398e+00
   1.6934915e+00   1.1675902e+00
   1.7099332e+00   1.1633770e+00
   1.7263749e+00   1.1589935e+00
   1.7428165e+00   1.1544719e+00
   1.7592582e+00   1.1497961e+00
   1.7756999e+00   1.1449753e+00
   1.7921415e+00   1.1400275e+00
   1.8085832e+00   1.1349655e+00
   1.8250249e+00   1.1297778e+00
   1.8414665e+00   1.1245033e+00
   1.8579082e+00   1.1191354e+00
   1.8743498e+00   1.1136948e+00
   1.8907915e+00   1.1081894e+00
   1.9072332e+00   1.1026348e+00
   1.9236748e+00   1.0970406e+00
   1.9401165e+00   1.0914175e+00
   1.9565582e+00   1.0857954e+00
   1.9729998e+00   1.0801600e+00
   1.9894415e+00   1.0745269e+00
   2.0058832e+00   1.0689265e+00
   2.0223248e+00   1.0633394e+00
   2.0387665e+00   1.0577962e+00
   2.0552082e+00   1.0522954e+00
   2.0716498e+00   1.0468459e+00
   2.0880915e+00   1.0414493e+00
   2.1045332e+00   1.0361139e+00
   2.1209748e+00   1.0308520e+00
   2.1374165e+00   1.0256582e+00
   2.1538582e+00   1.0205413e+00
   2.1702998e+00   1.0155028e+00
   2.1867415e+00   1.0105473e+00
   2.2031832e+00   1.0056886e+00
   2.2196248e+00   1.0009067e+00
   2.2360665e+00   9.9621148e-01
   2.2525082e+00   9.9160631e-01
   2.2689498e+00   9.8708841e-01
   2.2853915e+00   9.8265013e-01
   2.3018331e+00   9.7830968e-01
   2.3182748e+00   9.7405457e-01
   2.3347165e+00   9.6988329e-01
   2.3511581e+00   9.6579139e-01
   2.3675998e+00   9.6179265e-01
   2.3840415e+00   9.5786936e-01
   2.4004831e+00   9.5402912e-01
   2.4169248e+00   9.5026930e-01
   2.4333665e+00   9.4657978e-01
   2.4498081e+00   9.4296964e-01
   2.4662498e+00   9.3943324e-01
   2.4826915e+00   9.3596899e-01
   2.4991331e+00   9.3256709e-01
   2.5155748e+00   9.2923030e-01
   2.5320165e+00   9.2596746e-01
   2.5484581e+00   9.2276131e-01
   2.5648998e+00   9.1961599e-01
   2.5813415e+00   9.1653139e-01
   2.5977831e+00   9.1350034e-01
   2.6142248e+00   9.1052060e-01
   2.6306665e+00   9.0759651e-01
   2.6471081e+00   9.0472691e-01
   2.6635498e+00   9.0190605e-01
   2.6799915e+00   8.9917001e-01
   2.6964331e+00   8.9655105e-01
   2.7128748e+00   8.9409953e-01
   2.7293164e+00   8.9188628e-01
   2.7457581e+00   8.8998864e-01
   2.7621998e+00   8.8847028e-01
   2.7786414e+00   8.8738344e-01
   2.7950831e+00   8.8674989e-01
   2.8115248e+00   8.8655751e-01
   2.8279664e+00   8.8679749e-01
   2.8444081e+00   8.8743752e-01
   2.8608498e+00   8.8843175e-01
   2.8772914e+00   8.8974310e-01
   2.8937331e+00   8.9131915e-01
   2.9101748e+00   8.9311097e-01
   2.9266164e+00   8.9507696e-01
   2.9430581e+00   8.9715853e-01
   2.9594998e+00   8.9932435e-01
   2.9759414e+00   9.0152640e-01
   2.9923831e+00   9.0373207e-01
   3.0088248e+00   9.0590432e-01
   3.0252664e+00   9.0801849e-01
   3.0417081e+00   9.1002805e-01
   3.0581498e+00   9.1193313e-01
   3.0745914e+00   9.1370961e-01
   3.0910331e+00   9.1534003e-01
   3.1074748e+00   9.1681037e-01
   3.1239164e+00   9.1812124e-01
   3.1403581e+00   9.1925791e-01
   3.1567997e+00   9.2022357e-01
   3.1732414e+00   9.2100777e-01
   3.1896831e+00   9.2163091e-01
   3.2061247e+00   9.2208027e-01
   3.2225664e+00   9.2237795e-01
   3.2390081e+00   9.2252538e-01
   3.2554497e+00   9.2252300e-01
   3.2718914e+00   9.2238646e-01
   3.2883331e+00   9.2212019e-01
   3.3047747e+00   9.2174477e-01
   3.3212164e+00   9.2126262e-01
   3.3376581e+00   9.2067865e-01
   3.3540997e+00   9.2000483e-01
   3.3705414e+00   9.1924667e-01
   3.3869831e+00   9.1841371e-01
   3.4034247e+00   9.1751882e-01
   3.4198664e+00   9.1655975e-01
   3.4363081e+00   9.1554989e-01
   3.4527497e+00   9.1449290e-01
   3.4691914e+00   9.1338940e-01
   3.4856331e+00   9.1225124e-01
   3.5020747e+00   9.1107758e-01
   3.5185164e+00   9.0988235e-01
   3.5349581e+00   9.0866969e-01
   3.5513997e+00   9.0743411e-01
   3.5678414e+00   9.0617496e-01
   3.5842830e+00   9.0491049e-01
   3.6007247e+00   9.0363751e-01
   3.6171664e+00   9.0235347e-01
   3.6336080e+00   9.0105735e-01
   3.6500497e+00   8.9976003e-01
   3.6664914e+00   8.9845920e-01
   3.6829330e+00   8.9716198e-01
   3.6993747e+00   8.9586108e-01
   3.7158164e+00   8.9456516e-01
   3.7322580e+00   8.9327090e-01
   3.7486997e+00   8.9197958e-01
   3.7651414e+00   8.9069543e-01
   3.7815830e+00   8.8941272e-01
   3.7980247e+00   8.8813537e-01
   3.8144664e+00   8.8686279e-01
   3.8309080e+00   8.8560202e-01
   3.8473497e+00   8.8434961e-01
   3.8637914e+00   8.8310278e-01
   3.8802330e+00   8.8186500e-01
   3.8966747e+00   8.8063132e-01
   3.9131164e+00   8.7940763e-01
   3.9295580e+00   8.7818561e-01
   3.9459997e+00   8.7698046e-01
   3.9624413e+00   8.7578267e-01
   3.9788830e+00   8.7459549e-01
   3.9953247e+00   8.7340724e-01
   4.0117663e+00   8.7223198e-01
   4.0282080e+00   8.7106664e-01
   4.0446497e+00   8.6991006e-01
   4.0610913e+00   8.6875946e-01
   4.0775330e+00   8.6762550e-01
   4.0939747e+00   8.6649115e-01
   4.1104163e+00   8.6536766e-01
   4.1268580e+00   8.6424996e-01
   4.1432997e+00   8.6314403e-01
   4.1597413e+00   8.6203994e-01
   4.1761830e+00   8.6094669e-01
   4.1926247e+00   8.5986006e-01
   4.2090663e+00   8.5877881e-01
   4.2255080e+00   8.5770955e-01
   4.2419497e+00   8.5664241e-01
   4.2583913e+00   8.5558300e-01
   4.2748330e+00   8.5453412e-01
   4.2912747e+00   8.5349003e-01
   4.3077163e+00   8.5245703e-01
   4.3241580e+00   8.5143052e-01
   4.3405997e+00   8.5041490e-01
   4.3570413e+00   8.4940131e-01
   4.3734830e+00   8.4839387e-01
   4.3899246e+00   8.4739685e-01
   4.4063663e+00   8.4640666e-01
   4.4228080e+00   8.4542217e-01
   4.4392496e+00   8.4444619e-01
   4.4556913e+00   8.4347976e-01
   4.4721330e+00   8.4252598e-01
   4.4885746e+00   8.4157243e-01
   4.5050163e+00   8.4062366e-01
   4.5214580e+00   8.3968246e-01
   4.5378996e+00   8.3874533e-01
   4.5543413e+00   8.3781447e-01
   4.5707830e+00   8.3689378e-01
   4.5872246e+00   8.3598161e-01
   4.6036663e+00   8.3507153e-01
   4.6201080e+00   8.3417004e-01
   4.6365496e+00   8.3326938e-01
   4.6529913e+00   8.3238235e-01
   4.6694330e+00   8.3150119e-01
   4.6858746e+00   8.3061982e-01
   4.7023163e+00   8.2974939e-01
   4.7187580e+00   8.2887912e-01
   4.7351996e+00   8.2801948e-01
   4.7516413e+00   8.2716333e-01
   4.7680830e+00   8.2630848e-01
   4.7845246e+00   8.2546460e-01
   4.8009663e+00   8.2462984e-01
   4.8174079e+00   8.2379453e-01
   4.8338496e+00   8.2296659e-01
   4.8502913e+00   8.2214218e-01
   4.8667329e+00   8.2132717e-01
   4.8831746e+00   8.2051584e-01
   4.8996163e+00   8.1971307e-01
   4.9160579e+00   8.1890986e-01
   4.9324996e+00   8.1811135e-01
   4.9489413e+00   8.1731844e-01
   4.9653829e+00   8.1653204e-01
   4.9818246e+00   8.1575243e-01
   4.9982663e+00   8.1497332e-01
   5.0147079e+00   8.1420469e-01
   5.0311496e+00   8.1343328e-01
   5.0475913e+00   8.1266876e-01
   5.0640329e+00   8.1191385e-01
   5.0804746e+00   8.1115785e-01
   5.0969163e+00   8.1040970e-01
   5.1133579e+00   8.0966513e-01
   5.1297996e+00   8.0892063e-01
   5.1462413e+00   8.0818550e-01
   5.1626829e+00   8.0745445e-01
   5.1791246e+00   8.0673193e-01
   5.1955663e+00   8.0600815e-01
   5.2120079e+00   8.0528537e-01
   5.2284496e+00   8.0456939e-01
   5.2448912e+00   8.0385689e-01
   5.2613329e+00   8.0314959e-01
   5.2777746e+00   8.0244532e-01
   5.2942162e+00   8.0174228e-01
   5.3106579e+00   8.0104751e-01
   5.3270996e+00   8.0035571e-01
   5.3435412e+00   7.9966734e-01
   5.3599829e+00   7.9898475e-01
   5.3764246e+00   7.9830811e-01
   5.3928662e+00   7.9763657e-01
   5.4093079e+00   7.9696672e-01
   5.4257496e+00   7.9629859e-01
   5.4421912e+00   7.9563755e-01
   5.4586329e+00   7.9498163e-01
   5.4750746e+00   7.9432769e-01
   5.4915162e+00   7.9367675e-01
   5.5079579e+00   7.9303273e-01
   5.5243996e+00   7.9238778e-01
   5.5408412e+00   7.9174721e-01
   5.5572829e+00   7.9111090e-01
   5.5737246e+00   7.9047954e-01
   5.5901662e+00   7.8985269e-01
   5.6066079e+00   7.8922772e-01
   5.6230495e+00   7.8860869e-01
   5.6394912e+00   7.8799344e-01
   5.6559329e+00   7.8738092e-01
   5.6723745e+00   7.8677230e-01
   5.6888162e+00   7.8616514e-01
   5.7052579e+00   7.8555938e-01
   5.7216995e+00   7.8496019e-01
   5.7381412e+00   7.8436614e-01
   5.7545829e+00   7.8376939e-01
   5.7710245e+00   7.8317872e-01
   5.7874662e+00   7.8259026e-01
   5.8039079e+00   7.8200419e-01
   5.8203495e+00   7.8142467e-01
   5.8367912e+00   7.8084862e-01
   5.8532329e+00   7.8026846e-01
   5.8696745e+00   7.7970293e-01
   5.8861162e+00   7.7914151e-01
   5.9025579e+00   7.7857670e-01
   5.9189995e+00   7.7801993e-01
   5.9354412e+00   7.7746666e-01
   5.9518829e+00   7.7691032e-01
   5.9683245e+00   7.7636336e-01
   5.9847662e+00   7.7581853e-01
   6.0012079e+00   7.7526989e-01
   6.0176495e+00   7.7473415e-01
   6.0340912e+00   7.7419853e-01
   6.0505328e+00   7.7366639e-01
   6.0669745e+00   7.7313684e-01
   6.0834162e+00   7.7260898e-01
   6.0998578e+00   7.7208229e-01
   6.1162995e+00   7.7156064e-01
   6.1327412e+00   7.7104207e-01
   6.1491828e+00   7.7052622e-01
   6.1656245e+00   7.7001326e-01
   6.1820662e+00   7.6950548e-01
   6.1985078e+00   7.6899862e-01
   6.2149495e+00   7.6849384e-01
   6.2313912e+00   7.6799329e-01
   6.2478328e+00   7.6749639e-01
   6.2642745e+00   7.6700378e-01
   6.2807162e+00   7.6651246e-01
   6.2971578e+00   7.6602684e-01
   6.3135995e+00   7.6553791e-01
   6.3300412e+00   7.6505934e-01
   6.3464828e+00   7.6457829e-01
   6.3629245e+00   7.6410227e-01
   6.3793662e+00   7.6362976e-01
   6.3958078e+00   7.6315725e-01
   6.4122495e+00   7.6269164e-01
   6.4286912e+00   7.6222917e-01
   6.4451328e+00   7.6176561e-01
   6.4615745e+00   7.6130496e-01
   6.4780161e+00   7.6084819e-01
   6.4944578e+00   7.6039125e-01
   6.5108995e+00   7.5994089e-01
   6.5273411e+00   7.5949435e-01
   6.5437828e+00   7.5905019e-01
   6.5602245e+00   7.5860849e-01
   6.5766661e+00   7.5816481e-01
   6.5931078e+00   7.5772703e-01
   6.6095495e+00   7.5728617e-01
   6.6259911e+00   7.5684881e-01
   6.6424328e+00   7.5641742e-01
   6.6588745e+00   7.5598887e-01
   6.6753161e+00   7.5555779e-01
   6.6917578e+00   7.5512862e-01
   6.7081995e+00   7.5470353e-01
   6.7246411e+00   7.5428124e-01
   6.7410828e+00   7.5385734e-01
   6.7575245e+00   7.5343938e-01
   6.7739661e+00   7.5302558e-01
   6.7904078e+00   7.5260965e-01
   6.8068495e+00   7.5219741e-01
   6.8232911e+00   7.5178417e-01
   6.8397328e+00   7.5137263e-01
   6.8561745e+00   7.5096512e-01
   6.8726161e+00   7.5055573e-01
   6.8890578e+00   7.5015073e-01
   6.9054994e+00   7.4974872e-01
   6.9219411e+00   7.4935139e-01
   6.9383828e+00   7.4895487e-01
   6.9548244e+00   7.4855840e-01
   6.9712661e+00   7.4816125e-01
   6.9877078e+00   7.4776845e-01
   7.0041494e+00   7.4737698e-01
   7.0205911e+00   7.4699322e-01
   7.0370328e+00   7.4660556e-01
   7.0534744e+00   7.4621744e-01
   7.0699161e+00   7.4583481e-01
   7.0863578e+00   7.4545487e-01
   7.1027994e+00   7.4507393e-01
   7.1192411e+00   7.4469370e-01
   7.1356828e+00   7.4432083e-01
   7.1521244e+00   7.4394037e-01
   7.1685661e+00   7.4356474e-01
   7.1850078e+00   7.4319092e-01
   7.2014494e+00   7.4281580e-01
   7.2178911e+00   7.4244694e-01
   7.2343328e+00   7.4207791e-01
   7.2507744e+00   7.4171087e-01
   7.2672161e+00   7.4134448e-01
   7.2836578e+00   7.4097844e-01
   7.3000994e+00   7.4061649e-01
   7.3165411e+00   7.4025478e-01
   7.3329827e+00   7.3989416e-01
   7.3494244e+00   7.3953538e-01
   7.3658661e+00   7.3917472e-01
   7.3823077e+00   7.3881293e-01
   7.3987494e+00   7.3845872e-01
   7.4151911e+00   7.3810503e-01
   7.4316327e+00   7.3775372e-01
   7.4480744e+00   7.3740231e-01
   7.4645161e+00   7.3705281e-01
   7.4809577e+00   7.3670340e-01
   7.4973994e+00   7.3635558e-01
   7.5138411e+00   7.3601009e-01
   7.5302827e+00   7.3566722e-01
   7.5467244e+00   7.3532125e-01
   7.5631661e+00   7.3498047e-01
   7.5796077e+00   7.3463872e-01
   7.5960494e+00   7.3430009e-01
   7.6124911e+00   7.3396293e-01
   7.6289327e+00   7.3362734e-01
   7.6453744e+00   7.3329385e-01
   7.6618161e+00   7.3295704e-01
   7.6782577e+00   7.3262831e-01
   7.6946994e+00   7.3229606e-01
   7.7111410e+00   7.3196734e-01
   7.7275827e+00   7.3163654e-01
   7.7440244e+00   7.3130805e-01
   7.7604660e+00   7.3098257e-01
   7.7769077e+00   7.3066067e-01
   7.7933494e+00   7.3033902e-01
   7.8097910e+00   7.3001804e-01
   7.8262327e+00   7.2969202e-01
   7.8426744e+00   7.2937921e-01
   7.8591160e+00   7.2906166e-01
   7.8755577e+00   7.2874727e-01
   7.8919994e+00   7.2842954e-01
   7.9084410e+00   7.2812020e-01
   7.9248827e+00   7.2780795e-01
   7.9413244e+00   7.2749668e-01
   7.9577660e+00   7.2718807e-01
   7.9742077e+00   7.2688022e-01
   7.9906494e+00   7.2657324e-01
   8.0070910e+00   7.2626872e-01
   8.0235327e+00   7.2596759e-01
   8.0399744e+00   7.2566553e-01
   8.0564160e+00   7.2536304e-01
   8.0728577e+00   7.2506234e-01
   8.0892994e+00   7.2476245e-01
   8.1057410e+00   7.2446376e-01
   8.1221827e+00   7.2416839e-01
   8.1386243e+00   7.2387058e-01
   8.1550660e+00   7.2357761e-01
   8.1715077e+00   7.2328256e-01
   8.1879493e+00   7.2298596e-01
   8.2043910e+00   7.2269590e-01
   8.2208327e+00   7.2240493e-01
   8.2372743e+00   7.2211894e-01
   8.2537160e+00   7.2183177e-01
   8.2701577e+00   7.2154524e-01
   8.2865993e+00   7.2126004e-01
   8.3030410e+00   7.2097762e-01
   8.3194827e+00   7.2069455e-01
   8.3359243e+00   7.2041622e-01
   8.3523660e+00   7.2013519e-01
   8.3688077e+00   7.1985673e-01
   8.3852493e+00   7.1958010e-01
   8.4016910e+00   7.1930647e-01
   8.4181327e+00   7.1902549e-01
   8.4345743e+00   7.1874985e-01
   8.4510160e+00   7.1847262e-01
   8.4674577e+00   7.1820255e-01
   8.4838993e+00   7.1792544e-01
   8.5003410e+00   7.1765032e-01
   8.5167827e+00   7.1737947e-01
   8.5332243e+00   7.1710846e-01
   8.5496660e+00   7.1683871e-01
   8.5661076e+00   7.1657155e-01
   8.5825493e+00   7.1630020e-01
   8.5989910e+00   7.1603171e-01
   8.6154326e+00   7.1576313e-01
   8.6318743e+00   7.1550008e-01
   8.6483160e+00   7.1523525e-01
   8.6647576e+00   7.1497578e-01
   8.6811993e+00   7.1471047e-01
   8.6976410e+00   7.1444606e-01
   8.7140826e+00   7.1418314e-01
   8.7305243e+00   7.1392269e-01
   8.7469660e+00   7.1366080e-01
   8.7634076e+00   7.1340112e-01
   8.7798493e+00   7.1314318e-01
   8.7962910e+00   7.1288541e-01
   8.8127326e+00   7.1263076e-01
   8.8291743e+00   7.1237704e-01
   8.8456160e+00   7.1212277e-01
   8.8620576e+00   7.1186423e-01
   8.8784993e+00   7.1160776e-01
   8.8949410e+00   7.1135699e-01
   8.9113826e+00   7.1110400e-01
   8.9278243e+00   7.1085202e-01
   8.9442660e+00   7.1059951e-01
   8.9607076e+00   7.1035180e-01
   8.9771493e+00   7.1010370e-01
   8.9935909e+00   7.0985612e-01
   9.0100326e+00   7.0960605e-01
   9.0264743e+00   7.0935764e-01
   9.0429159e+00   7.0910781e-01
   9.0593576e+00   7.0886224e-01
   9.0757993e+00   7.0861517e-01
   9.0922409e+00   7.0836740e-01
   9.1086826e+00   7.0812152e-01
   9.1251243e+00   7.0787553e-01
   9.1415659e+00   7.0763102e-01
   9.1580076e+00   7.0738862e-01
   9.1744493e+00   7.0714194e-01
   9.1908909e+00   7.0690309e-01
   9.2073326e+00   7.0666300e-01
   9.2237743e+00   7.0642246e-01
   9.2402159e+00   7.0618278e-01
   9.2566576e+00   7.0594252e-01
   9.2730993e+00   7.0570283e-01
   9.2895409e+00   7.0546522e-01
   9.3059826e+00   7.0522575e-01
   9.3224243e+00   7.0499077e-01
   9.3388659e+00   7.0475049e-01
   9.3553076e+00   7.0450811e-01
   9.3717492e+00   7.0427318e-01
   9.3881909e+00   7.0403769e-01
   9.4046326e+00   7.0380403e-01
   9.4210742e+00   7.0357138e-01
   9.4375159e+00   7.0333701e-01
   9.4539576e+00   7.0310502e-01
   9.4703992e+00   7.0287313e-01
   9.4868409e+00   7.0264164e-01
   9.5032826e+00   7.0241590e-01
   9.5197242e+00   7.0218709e-01
   9.5361659e+00   7.0195614e-01
   9.5526076e+00   7.0172505e-01
   9.5690492e+00   7.0149710e-01
   9.5854909e+00   7.0127173e-01
   9.6019326e+00   7.0104332e-01
   9.6183742e+00   7.0081979e-01
   9.6348159e+00   7.0059097e-01
   9.6512576e+00   7.0037185e-01
   9.6676992e+00   7.0014927e-01
   9.6841409e+00   6.9992476e-01
   9.7005826e+00   6.9970097e-01
   9.7170242e+00   6.9948005e-01
   9.7334659e+00   6.9925524e-01
   9.7499076e+00   6.9903612e-01
   9.7663492e+00   6.9881753e-01
   9.7827909e+00   6.9859713e-01
   9.7992325e+00   6.9838480e-01
   9.8156742e+00   6.9816785e-01
   9.8321159e+00   6.9794857e-01
   9.8485575e+00   6.9773481e-01
   9.8649992e+00   6.9752099e-01
   9.8814409e+00   6.9730667e-01
   9.8978825e+00   6.9709198e-01
   9.9143242e+00   6.9687580e-01
   9.9307659e+00   6.9666209e-01
   9.9472075e+00   6.9645191e-01
   9.9636492e+00   6.9623973e-01
   9.9800909e+00   6.9603004e-01
   9.9965325e+00   6.9581973e-01
   1.0012974e+01   6.9561663e-01
   1.0029416e+01   6.9540485e-01
   1.0045858e+01   6.9520149e-01
   1.0062299e+01   6.9499383e-01
   1.0078741e+01   6.9479117e-01
   1.0095183e+01   6.9458573e-01
   1.0111624e+01   6.9437965e-01
   1.0128066e+01   6.9417518e-01
   1.0144508e+01   6.9397659e-01
   1.0160949e+01   6.9377555e-01
   1.0177391e+01   6.9357509e-01
   1.0193833e+01   6.9337199e-01
   1.0210274e+01   6.9317191e-01
   1.0226716e+01   6.9297377e-01
   1.0243158e+01   6.9277417e-01
   1.0259599e+01   6.9257967e-01
   1.0276041e+01   6.9238106e-01
   1.0292483e+01   6.9218655e-01
   1.0308924e+01   6.9199461e-01
   1.0325366e+01   6.9179997e-01
   1.0341808e+01   6.9160499e-01
   1.0358249e+01   6.9141196e-01
   1.0374691e+01   6.9122209e-01
   1.0391133e+01   6.9102810e-01
   1.0407574e+01   6.9083965e-01
   1.0424016e+01   6.9065111e-01
   1.0440457e+01   6.9046142e-01
   1.0456899e+01   6.9027373e-01
   1.0473341e+01   6.9008461e-01
   1.0489782e+01   6.8989650e-01
   1.0506224e+01   6.8971001e-01
   1.0522666e+01   6.8952426e-01
   1.0539107e+01   6.8933832e-01
   1.0555549e+01   6.8914984e-01
   1.0571991e+01   6.8896427e-01
   1.0588432e+01   6.8877784e-01
   1.0604874e+01   6.8858801e-01
   1.0621316e+01   6.8840018e-01
   1.0637757e+01   6.8821486e-01
   1.0654199e+01   6.8803400e-01
   1.0670641e+01   6.8785169e-01
   1.0687082e+01   6.8766727e-01
   1.0703524e+01   6.8748664e-01
   1.0719966e+01   6.8730313e-01
   1.0736407e+01   6.8711758e-01
   1.0752849e+01   6.8693917e-01
   1.0769291e+01   6.8675812e-01
   1.0785732e+01   6.8657580e-01
   1.0802174e+01   6.8640049e-01
   1.0818616e+01   6.8622132e-01
   1.0835057e+01   6.8604589e-01
   1.0851499e+01   6.8586463e-01
   1.0867941e+01   6.8568602e-01
   1.0884382e+01   6.8550803e-01
   1.0900824e+01   6.8533147e-01
   1.0917266e+01   6.8515403e-01
   1.0933707e+01   6.8497647e-01
   1.0950149e+01   6.8480203e-01
   1.0966591e+01   6.8462417e-01
   1.0983032e+01   6.8444753e-01
   1.0999474e+01   6.8427171e-01
   1.1015916e+01   6.8409789e-01
   1.1032357e+01   6.8392437e-01
   1.1048799e+01   6.8374986e-01
   1.1065241e+01   6.8357779e-01
   1.1081682e+01   6.8340346e-01
   1.1098124e+01   6.8323378e-01
   1.1114566e+01   6.8306133e-01
   1.1131007e+01   6.8288897e-01
   1.1147449e+01   6.8271929e-01
   1.1163891e+01   6.8254893e-01
   1.1180332e+01   6.8237780e-01
   1.1196774e+01   6.8220703e-01
   1.1213216e+01   6.8204061e-01
   1.1229657e+01   6.8186948e-01
   1.1246099e+01   6.8169815e-01
   1.1262541e+01   6.8153318e-01
   1.1278982e+01   6.8136576e-01
   1.1295424e+01   6.8120081e-01
   1.1311866e+01   6.8103278e-01
   1.1328307e+01   6.8086702e-01
   1.1344749e+01   6.8069953e-01
   1.1361191e+01   6.8053265e-01
   1.1377632e+01   6.8036850e-01
   1.1394074e+01   6.8020511e-01
   1.1410516e+01   6.8003555e-01
   1.1426957e+01   6.7987336e-01
   1.1443399e+01   6.7971054e-01
   1.1459841e+01   6.7954705e-01
   1.1476282e+01   6.7938383e-01
   1.1492724e+01   6.7922251e-01
   1.1509166e+01   6.7906331e-01
   1.1525607e+01   6.7890144e-01
   1.1542049e+01   6.7874170e-01
   1.1558491e+01   6.7858002e-01
   1.1574932e+01   6.7841859e-01
   1.1591374e+01   6.7825612e-01
   1.1607816e+01   6.7809539e-01
   1.1624257e+01   6.7793829e-01
   1.1640699e+01   6.7777879e-01
   1.1657141e+01   6.7761937e-01
   1.1673582e+01   6.7746080e-01
   1.1690024e+01   6.7730174e-01
   1.1706466e+01   6.7714587e-01
   1.1722907e+01   6.7698747e-01
   1.1739349e+01   6.7682862e-01
   1.1755791e+01   6.7666939e-01
   1.1772232e+01   6.7651121e-01
   1.1788674e+01   6.7635536e-01
   1.1805116e+01   6.7619927e-01
   1.1821557e+01   6.7604292e-01
   1.1837999e+01   6.7588607e-01
   1.1854441e+01   6.7573009e-01
   1.1870882e+01   6.7557392e-01
   1.1887324e+01   6.7542032e-01
   1.1903766e+01   6.7526697e-01
   1.1920207e+01   6.7511208e-01
   1.1936649e+01   6.7495650e-01
   1.1953091e+01   6.7480262e-01
   1.1969532e+01   6.7465056e-01
   1.1985974e+01   6.7449670e-01
   1.2002416e+01   6.7434302e-01
   1.2018857e+01   6.7418643e-01
   1.2035299e+01   6.7403461e-01
   1.2051741e+01   6.7388272e-01
   1.2068182e+01   6.7373086e-01
   1.2084624e+01   6.7357900e-01
   1.2101066e+01   6.7342698e-01
   1.2117507e+01   6.7327676e-01
   1.2133949e+01   6.7312647e-01
   1.2150391e+01   6.7297427e-01
   1.2166832e+01   6.7282439e-01
   1.2183274e+01   6.7267477e-01
   1.2199716e+01   6.7252694e-01
   1.2216157e+01   6.7237960e-01
   1.2232599e+01   6.7223232e-01
   1.2249041e+01   6.7208586e-01
   1.2265482e+01   6.7193624e-01
   1.2281924e+01   6.7179093e-01
   1.2298366e+01   6.7164593e-01
   1.2314807e+01   6.7150163e-01
   1.2331249e+01   6.7135237e-01
   1.2347691e+01   6.7121043e-01
   1.2364132e+01   6.7106322e-01
   1.2380574e+01   6.7091372e-01
   1.2397016e+01   6.7076938e-01
   1.2413457e+01   6.7062538e-01
   1.2429899e+01   6.7048126e-01
   1.2446341e+01   6.7033509e-01
   1.2462782e+01   6.7019237e-01
   1.2479224e+01   6.7004853e-01
   1.2495666e+01   6.6990669e-01
   1.2512107e+01   6.6976595e-01
   1.2528549e+01   6.6962156e-01
   1.2544991e+01   6.6947801e-01
   1.2561432e+01   6.6933703e-01
   1.2577874e+01   6.6919735e-01
   1.2594316e+01   6.6905782e-01
   1.2610757e+01   6.6891610e-01
   1.2627199e+01   6.6877822e-01
   1.2643641e+01   6.6863854e-01
   1.2660082e+01   6.6849815e-01
   1.2676524e+01   6.6835583e-01
   1.2692966e+01   6.6821689e-01
   1.2709407e+01   6.6807551e-01
   1.2725849e+01   6.6793455e-01
   1.2742291e+01   6.6779665e-01
   1.2758732e+01   6.6765841e-01
   1.2775174e+01   6.6751848e-01
   1.2791616e+01   6.6737927e-01
   1.2808057e+01   6.6724047e-01
   1.2824499e+01   6.6710139e-01
   1.2840941e+01   6.6696211e-01
   1.2857382e+01   6.6682437e-01
   1.2873824e+01   6.6668827e-01
   1.2890266e+01   6.6655092e-01
   1.2906707e+01   6.6641570e-01
   1.2923149e+01   6.6627557e-01
   1.2939591e+01   6.6613368e-01
   1.2956032e+01   6.6599679e-01
   1.2972474e+01   6.6585984e-01
   1.2988916e+01   6.6572339e-01
   1.3005357e+01   6.6558913e-01
   1.3021799e+01   6.6545202e-01
   1.3038241e+01   6.6531472e-01
   1.3054682e+01   6.6518321e-01
   1.3071124e+01   6.6504500e-01
   1.3087566e+01   6.6491268e-01
   1.3104007e+01   6.6477577e-01
   1.3120449e+01   6.6464106e-01
   1.3136891e+01   6.6450931e-01
   1.3153332e+01   6.6437591e-01
   1.3169774e+01   6.6424133e-01
   1.3186216e+01   6.6410670e-01
   1.3202657e+01   6.6397604e-01
   1.3219099e+01   6.6384138e-01
   1.3235541e+01   6.6370714e-01
   1.3251982e+01   6.6357860e-01
   1.3268424e+01   6.6345094e-01
   1.3284866e+01   6.6332150e-01
   1.3301307e+01   6.6319501e-01
   1.3317749e+01   6.6306290e-01
   1.3334191e+01   6.6293791e-01
   1.3350632e+01   6.6280807e-01
   1.3367074e+01   6.6268113e-01
   1.3383516e+01   6.6255393e-01
   1.3399957e+01   6.6242965e-01
   1.3416399e+01   6.6230265e-01
   1.3432841e+01   6.6217948e-01
   1.3449282e+01   6.6205585e-01
   1.3465724e+01   6.6193055e-01
   1.3482166e+01   6.6180664e-01
   1.3498607e+01   6.6168608e-01
   1.3515049e+01   6.6156342e-01
   1.3531491e+01   6.6143967e-01
   1.3547932e+01   6.6132006e-01
   1.3564374e+01   6.6120116e-01
   1.3580816e+01   6.6108142e-01
   1.3597257e+01   6.6096396e-01
   1.3613699e+01   6.6084661e-01
   1.3630141e+01   6.6072611e-01
   1.3646582e+01   6.6061183e-01
   1.3663024e+01   6.6049629e-01
   1.3679466e+01   6.6037890e-01
   1.3695907e+01   6.6026273e-01
   1.3712349e+01   6.6014683e-01
   1.3728791e+01   6.6003037e-01
   1.3745232e+01   6.5991421e-01
   1.3761674e+01   6.5979644e-01
   1.3778116e+01   6.5967879e-01
   1.3794557e+01   6.5956102e-01
   1.3810999e+01   6.5944660e-01
   1.3827441e+01   6.5933530e-01
   1.3843882e+01   6.5921991e-01
   1.3860324e+01   6.5910174e-01
   1.3876766e+01   6.5898521e-01
   1.3893207e+01   6.5887206e-01
   1.3909649e+01   6.5875783e-01
   1.3926091e+01   6.5864020e-01
   1.3942532e+01   6.5852805e-01
   1.3958974e+01   6.5841648e-01
   1.3975416e+01   6.5830427e-01
   1.3991857e+01   6.5818871e-01
   1.4008299e+01   6.5807446e-01
   1.4024741e+01   6.5796226e-01
   1.4041182e+01   6.5784861e-01
   1.4057624e+01   6.5773345e-01
   1.4074066e+01   6.5761883e-01
   1.4090507e+01   6.5750313e-01
   1.4106949e+01   6.5739191e-01
   1.4123391e+01   6.5727637e-01
   1.4139832e+01   6.5716883e-01
   1.4156274e+01   6.5705621e-01
   1.4172716e+01   6.5694461e-01
   1.4189157e+01   6.5683235e-01
   1.4205599e+01   6.5672157e-01
   1.4222041e+01   6.5660905e-01
   1.4238482e+01   6.5649529e-01
   1.4254924e+01   6.5638342e-01
   1.4271366e+01   6.5627272e-01
   1.4287807e+01   6.5616119e-01
   1.4304249e+01   6.5605094e-01
   1.4320691e+01   6.5594057e-01
   1.4337132e+01   6.5583159e-01
   1.4353574e+01   6.5572371e-01
   1.4370016e+01   6.5561420e-01
   1.4386457e+01   6.5550511e-01
   1.4402899e+01   6.5539467e-01
   1.4419341e+01   6.5528655e-01
   1.4435782e+01   6.5517516e-01
   1.4452224e+01   6.5506971e-01
   1.4468666e+01   6.5496240e-01
   1.4485107e+01   6.5485359e-01
   1.4501549e+01   6.5474466e-01
   1.4517991e+01   6.5463658e-01
   1.4534432e+01   6.5452750e-01
   1.4550874e+01   6.5442178e-01
   1.4567316e+01   6.5431250e-01
   1.4583757e+01   6.5420558e-01
   1.4600199e+01   6.5409778e-01
   1.4616640e+01   6.5399161e-01
   1.4633082e+01   6.5388540e-01
   1.4649524e+01   6.5378035e-01
   1.4665965e+01   6.5367644e-01
   1.4682407e+01   6.5357124e-01
   1.4698849e+01   6.5346867e-01
   1.4715290e+01   6.5336762e-01
   1.4731732e+01   6.5326176e-01
   1.4748174e+01   6.5315510e-01
   1.4764615e+01   6.5305106e-01
   1.4781057e+01   6.5294863e-01
   1.4797499e+01   6.5284334e-01
   1.4813940e+01   6.5273987e-01
   1.4830382e+01   6.5263470e-01
   1.4846824e+01   6.5253102e-01
   1.4863265e+01   6.5243099e-01
   1.4879707e+01   6.5232652e-01
   1.4896149e+01   6.5222337e-01
   1.4912590e+01   6.5211994e-01
   1.4929032e+01   6.5201775e-01
   1.4945474e+01   6.5191110e-01
   1.4961915e+01   6.5180632e-01
   1.4978357e+01   6.5170313e-01
   1.4994799e+01   6.5160261e-01
   1.5011240e+01   6.5150062e-01
   1.5027682e+01   6.5139862e-01
   1.5044124e+01   6.5129459e-01
   1.5060565e+01   6.5118911e-01
   1.5077007e+01   6.5108719e-01
   1.5093449e+01   6.5098343e-01
   1.5109890e+01   6.5088212e-01
   1.5126332e+01   6.5078229e-01
   1.5142774e+01   6.5068079e-01
   1.5159215e+01   6.5057945e-01
   1.5175657e+01   6.5047871e-01
   1.5192099e+01   6.5037536e-01
   1.5208540e+01   6.5027833e-01
   1.5224982e+01   6.5018128e-01
   1.5241424e+01   6.5008184e-01
   1.5257865e+01   6.4998175e-01
   1.5274307e+01   6.4988343e-01
   1.5290749e+01   6.4978319e-01
   1.5307190e+01   6.4968443e-01
   1.5323632e+01   6.4958481e-01
   1.5340074e+01   6.4948446e-01
   1.5356515e+01   6.4938502e-01
   1.5372957e+01   6.4928841e-01
   1.5389399e+01   6.4919379e-01
   1.5405840e+01   6.4909760e-01
   1.5422282e+01   6.4899947e-01
   1.5438724e+01   6.4890545e-01
   1.5455165e+01   6.4881422e-01
   1.5471607e+01   6.4871738e-01
   1.5488049e+01   6.4862280e-01
   1.5504490e+01   6.4852729e-01
   1.5520932e+01   6.4843312e-01
   1.5537374e+01   6.4834192e-01
   1.5553815e+01   6.4824697e-01
   1.5570257e+01   6.4815205e-01
   1.5586699e+01   6.4805851e-01
   1.5603140e+01   6.4796708e-01
   1.5619582e+01   6.4787309e-01
   1.5636024e+01   6.4778289e-01
   1.5652465e+01   6.4769215e-01
   1.5668907e+01   6.4759944e-01
   1.5685349e+01   6.4750848e-01
   1.5701790e+01   6.4741698e-01
   1.5718232e+01   6.4732236e-01
   1.5734674e+01   6.4723041e-01
   1.5751115e+01   6.4714395e-01
   1.5767557e+01   6.4705359e-01
   1.5783999e+01   6.4696173e-01
   1.5800440e+01   6.4687536e-01
   1.5816882e+01   6.4678471e-01
   1.5833324e+01   6.4669622e-01
   1.5849765e+01   6.4660633e-01
   1.5866207e+01   6.4651752e-01
   1.5882649e+01   6.4642977e-01
   1.5899090e+01   6.4633891e-01
   1.5915532e+01   6.4625096e-01
   1.5931974e+01   6.4616334e-01
   1.5948415e+01   6.4607607e-01
   1.5964857e+01   6.4598968e-01
   1.5981299e+01   6.4590348e-01
   1.5997740e+01   6.4581707e-01
   1.6014182e+01   6.4573104e-01
   1.6030624e+01   6.4564141e-01
   1.6047065e+01   6.4555399e-01
   1.6063507e+01   6.4546853e-01
   1.6079949e+01   6.4538259e-01
   1.6096390e+01   6.4529831e-01
   1.6112832e+01   6.4521319e-01
   1.6129274e+01   6.4512757e-01
   1.6145715e+01   6.4504344e-01
   1.6162157e+01   6.4495676e-01
   1.6178599e+01   6.4487325e-01
   1.6195040e+01   6.4478888e-01
   1.6211482e+01   6.4470442e-01
   1.6227924e+01   6.4461878e-01
   1.6244365e+01   6.4453987e-01
   1.6260807e+01   6.4445374e-01
   1.6277249e+01   6.4437065e-01
   1.6293690e+01   6.4428740e-01
   1.6310132e+01   6.4420616e-01
   1.6326574e+01   6.4412004e-01
   1.6343015e+01   6.4403612e-01
   1.6359457e+01   6.4395423e-01
   1.6375899e+01   6.4386766e-01
   1.6392340e+01   6.4378418e-01
   1.6408782e+01   6.4369767e-01
   1.6425224e+01   6.4361409e-01
   1.6441665e+01   6.4353389e-01
   1.6458107e+01   6.4345190e-01
   1.6474549e+01   6.4336771e-01
   1.6490990e+01   6.4328868e-01
   1.6507432e+01   6.4321140e-01
   1.6523874e+01   6.4312867e-01
   1.6540315e+01   6.4304407e-01
   1.6556757e+01   6.4296425e-01
   1.6573199e+01   6.4288203e-01
   1.6589640e+01   6.4280035e-01
   1.6606082e+01   6.4272057e-01
   1.6622524e+01   6.4263978e-01
   1.6638965e+01   6.4256439e-01
   1.6655407e+01   6.4248205e-01
   1.6671849e+01   6.4240186e-01
   1.6688290e+01   6.4232420e-01
   1.6704732e+01   6.4224119e-01
   1.6721174e+01   6.4216190e-01
   1.6737615e+01   6.4208226e-01
   1.6754057e+01   6.4200324e-01
   1.6770499e+01   6.4192552e-01
   1.6786940e+01   6.4184583e-01
   1.6803382e+01   6.4176863e-01
   1.6819824e+01   6.4169124e-01
   1.6836265e+01   6.4161317e-01
   1.6852707e+01   6.4153362e-01
   1.6869149e+01   6.4145813e-01
   1.6885590e+01   6.4138056e-01
   1.6902032e+01   6.4130205e-01
   1.6918474e+01   6.4122413e-01
   1.6934915e+01   6.4114573e-01
   1.6951357e+01   6.4106721e-01
   1.6967799e+01   6.4099183e-01
   1.6984240e+01   6.4091621e-01
   1.7000682e+01   6.4083771e-01
   1.7017124e+01   6.4075826e-01
   1.7033565e+01   6.4068201e-01
   1.7050007e+01   6.4060244e-01
   1.7066449e+01   6.4052769e-01
   1.7082890e+01   6.4045006e-01
   1.7099332e+01   6.4037403e-01
   1.7115774e+01   6.4029896e-01
   1.7132215e+01   6.4022057e-01
   1.7148657e+01   6.4014580e-01
   1.7165099e+01   6.4006461e-01
   1.7181540e+01   6.3998860e-01
   1.7197982e+01   6.3990922e-01
   1.7214424e+01   6.3983211e-01
   1.7230865e+01   6.3975663e-01
   1.7247307e+01   6.3967969e-01
   1.7263749e+01   6.3960236e-01
   1.7280190e+01   6.3952459e-01
   1.7296632e+01   6.3944614e-01
   1.7313074e+01   6.3936840e-01
   1.7329515e+01   6.3928852e-01
   1.7345957e+01   6.3920961e-01
   1.7362399e+01   6.3913310e-01
   1.7378840e+01   6.3905556e-01
   1.7395282e+01   6.3897703e-01
   1.7411724e+01   6.3890021e-01
   1.7428165e+01   6.3882421e-01
   1.7444607e+01   6.3874885e-01
   1.7461049e+01   6.3866985e-01
   1.7477490e+01   6.3859331e-01
   1.7493932e+01   6.3851612e-01
   1.7510374e+01   6.3843560e-01
   1.7526815e+01   6.3835984e-01
   1.7543257e+01   6.3828364e-01
   1.7559699e+01   6.3820587e-01
   1.7576140e+01   6.3812781e-01
   1.7592582e+01   6.3805226e-01
   1.7609024e+01   6.3797663e-01
   1.7625465e+01   6.3789821e-01
   1.7641907e+01   6.3782286e-01
   1.7658349e+01   6.3774780e-01
   1.7674790e+01   6.3767037e-01
   1.7691232e+01   6.3759399e-01
   1.7707674e+01   6.3751978e-01
   1.7724115e+01   6.3744476e-01
   1.7740557e+01   6.3737297e-01
   1.7756999e+01   6.3729394e-01
   1.7773440e+01   6.3721950e-01
   1.7789882e+01   6.3714409e-01
   1.7806324e+01   6.3707040e-01
   1.7822765e+01   6.3699491e-01
   1.7839207e+01   6.3692204e-01
   1.7855649e+01   6.3684612e-01
   1.7872090e+01   6.3677279e-01
   1.7888532e+01   6.3670116e-01
   1.7904974e+01   6.3662659e-01
   1.7921415e+01   6.3655061e-01
   1.7937857e+01   6.3647579e-01
   1.7954299e+01   6.3640022e-01
   1.7970740e+01   6.3632690e-01
   1.7987182e+01   6.3625040e-01
   1.8003624e+01   6.3618027e-01
   1.8020065e+01   6.3610820e-01
   1.8036507e+01   6.3603590e-01
   1.8052949e+01   6.3596207e-01
   1.8069390e+01   6.3588853e-01
   1.8085832e+01   6.3581453e-01
   1.8102274e+01   6.3573814e-01
   1.8118715e+01   6.3566460e-01
   1.8135157e+01   6.3558992e-01
   1.8151599e+01   6.3552088e-01
   1.8168040e+01   6.3544520e-01
   1.8184482e+01   6.3537215e-01
   1.8200924e+01   6.3530060e-01
   1.8217365e+01   6.3522368e-01
   1.8233807e+01   6.3515222e-01
   1.8250249e+01   6.3508151e-01
   1.8266690e+01   6.3500757e-01
   1.8283132e+01   6.3493530e-01
   1.8299574e+01   6.3486503e-01
   1.8316015e+01   6.3479437e-01
   1.8332457e+01   6.3472208e-01
   1.8348899e+01   6.3464673e-01
   1.8365340e+01   6.3457509e-01
   1.8381782e+01   6.3450207e-01
   1.8398224e+01   6.3443153e-01
   1.8414665e+01   6.3436058e-01
   1.8431107e+01   6.3429048e-01
   1.8447549e+01   6.3422046e-01
   1.8463990e+01   6.3414620e-01
   1.8480432e+01   6.3407403e-01
   1.8496874e+01   6.3400737e-01
   1.8513315e+01   6.3393470e-01
   1.8529757e+01   6.3386396e-01
   1.8546199e+01   6.3379320e-01
   1.8562640e+01   6.3372307e-01
   1.8579082e+01   6.3365024e-01
   1.8595524e+01   6.3357980e-01
   1.8611965e+01   6.3350793e-01
   1.8628407e+01   6.3343622e-01
   1.8644849e+01   6.3336694e-01
   1.8661290e+01   6.3329232e-01
   1.8677732e+01   6.3322574e-01
   1.8694174e+01   6.3315238e-01
   1.8710615e+01   6.3307722e-01
   1.8727057e+01   6.3300847e-01
   1.8743498e+01   6.3293869e-01
   1.8759940e+01   6.3286885e-01
   1.8776382e+01   6.3279960e-01
   1.8792823e+01   6.3272696e-01
   1.8809265e+01   6.3265760e-01
   1.8825707e+01   6.3258801e-01
   1.8842148e+01   6.3251930e-01
   1.8858590e+01   6.3244994e-01
   1.8875032e+01   6.3237961e-01
   1.8891473e+01   6.3230723e-01
   1.8907915e+01   6.3223539e-01
   1.8924357e+01   6.3216342e-01
   1.8940798e+01   6.3209337e-01
   1.8957240e+01   6.3202544e-01
   1.8973682e+01   6.3195463e-01
   1.8990123e+01   6.3188386e-01
   1.9006565e+01   6.3181391e-01
   1.9023007e+01   6.3174106e-01
   1.9039448e+01   6.3167171e-01
   1.9055890e+01   6.3160133e-01
   1.9072332e+01   6.3153214e-01
   1.9088773e+01   6.3146287e-01
   1.9105215e+01   6.3139405e-01
   1.9121657e+01   6.3132669e-01
   1.9138098e+01   6.3125557e-01
   1.9154540e+01   6.3119098e-01
   1.9170982e+01   6.3112320e-01
   1.9187423e+01   6.3105796e-01
   1.9203865e+01   6.3099163e-01
   1.9220307e+01   6.3092251e-01
   1.9236748e+01   6.3085565e-01
   1.9253190e+01   6.3078799e-01
   1.9269632e+01   6.3072074e-01
   1.9286073e+01   6.3065511e-01
   1.9302515e+01   6.3059212e-01
   1.9318957e+01   6.3052505e-01
   1.9335398e+01   6.3045499e-01
   1.9351840e+01   6.3038888e-01
   1.9368282e+01   6.3032543e-01
   1.9384723e+01   6.3026349e-01
   1.9401165e+01   6.3019623e-01
   1.9417607e+01   6.3012889e-01
   1.9434048e+01   6.3006332e-01
   1.9450490e+01   6.2999847e-01
   1.9466932e+01   6.2993346e-01
   1.9483373e+01   6.2987145e-01
   1.9499815e+01   6.2980731e-01
   1.9516257e+01   6.2974518e-01
   1.9532698e+01   6.2968057e-01
   1.9549140e+01   6.2961796e-01
   1.9565582e+01   6.2955896e-01
   1.9582023e+01   6.2949500e-01
   1.9598465e+01   6.2943263e-01
   1.9614907e+01   6.2937118e-01
   1.9631348e+01   6.2930927e-01
   1.9647790e+01   6.2924512e-01
   1.9664232e+01   6.2918534e-01
   1.9680673e+01   6.2912220e-01
   1.9697115e+01   6.2905961e-01
   1.9713557e+01   6.2899759e-01
   1.9729998e+01   6.2893611e-01
   1.9746440e+01   6.2887305e-01
   1.9762882e+01   6.2881356e-01
   1.9779323e+01   6.2875419e-01
   1.9795765e+01   6.2869399e-01
   1.9812207e+01   6.2863046e-01
   1.9828648e+01   6.2856836e-01
   1.9845090e+01   6.2850791e-01
   1.9861532e+01   6.2844536e-01
   1.9877973e+01   6.2838400e-01
   1.9894415e+01   6.2832613e-01
   1.9910857e+01   6.2826471e-01
   1.9927298e+01   6.2820332e-01
   1.9943740e+01   6.2814486e-01
   1.9960182e+01   6.2808414e-01
   1.9976623e+01   6.2802264e-01
   1.9993065e+01   6.2796332e-01
   2.0009507e+01   6.2790249e-01
   2.0025948e+01   6.2784560e-01
   2.0042390e+01   6.2778742e-01
   2.0058832e+01   6.2772943e-01
   2.0075273e+01   6.2767131e-01
   2.0091715e+01   6.2760948e-01
   2.0108157e+01   6.2754856e-01
   2.0124598e+01   6.2748691e-01
   2.0141040e+01   6.2742585e-01
   2.0157482e+01   6.2736807e-01
   2.0173923e+01   6.2730682e-01
   2.0190365e+01   6.2724821e-01
   2.0206807e+01   6.2719071e-01
   2.0223248e+01   6.2713194e-01
   2.0239690e+01   6.2707308e-01
   2.0256132e+01   6.2701512e-01
   2.0272573e+01   6.2695760e-01
   2.0289015e+01   6.2689837e-01
   2.0305457e+01   6.2684011e-01
   2.0321898e+01   6.2678085e-01
   2.0338340e+01   6.2672125e-01
   2.0354782e+01   6.2666349e-01
   2.0371223e+01   6.2660004e-01
   2.0387665e+01   6.2654094e-01
   2.0404107e+01   6.2648216e-01
   2.0420548e+01   6.2642207e-01
   2.0436990e+01   6.2636185e-01
   2.0453432e+01   6.2630128e-01
   2.0469873e+01   6.2623854e-01
   2.0486315e+01   6.2618311e-01
   2.0502757e+01   6.2612543e-01
   2.0519198e+01   6.2606488e-01
   2.0535640e+01   6.2600593e-01
   2.0552082e+01   6.2594470e-01
   2.0568523e+01   6.2588811e-01
   2.0584965e+01   6.2582877e-01
   2.0601407e+01   6.2576998e-01
   2.0617848e+01   6.2570893e-01
   2.0634290e+01   6.2565131e-01
   2.0650732e+01   6.2559152e-01
   2.0667173e+01   6.2553477e-01
   2.0683615e+01   6.2547366e-01
   2.0700057e+01   6.2541434e-01
   2.0716498e+01   6.2535532e-01
   2.0732940e+01   6.2529379e-01
   2.0749382e+01   6.2523124e-01
   2.0765823e+01   6.2517013e-01
   2.0782265e+01   6.2511319e-01
   2.0798707e+01   6.2505411e-01
   2.0815148e+01   6.2499575e-01
   2.0831590e+01   6.2493520e-01
   2.0848032e+01   6.2487570e-01
   2.0864473e+01   6.2481801e-01
   2.0880915e+01   6.2475702e-01
   2.0897357e+01   6.2469876e-01
   2.0913798e+01   6.2463717e-01
   2.0930240e+01   6.2457968e-01
   2.0946682e+01   6.2452232e-01
   2.0963123e+01   6.2446329e-01
   2.0979565e+01   6.2440326e-01
   2.0996007e+01   6.2434503e-01
   2.1012448e+01   6.2428603e-01
   2.1028890e+01   6.2422813e-01
   2.1045332e+01   6.2416897e-01
   2.1061773e+01   6.2411263e-01
   2.1078215e+01   6.2405521e-01
   2.1094657e+01   6.2399447e-01
   2.1111098e+01   6.2393761e-01
   2.1127540e+01   6.2388191e-01
   2.1143982e+01   6.2382478e-01
   2.1160423e+01   6.2376792e-01
   2.1176865e+01   6.2371416e-01
   2.1193307e+01   6.2365695e-01
   2.1209748e+01   6.2360179e-01
   2.1226190e+01   6.2354360e-01
   2.1242632e+01   6.2348568e-01
   2.1259073e+01   6.2342893e-01
   2.1275515e+01   6.2337040e-01
   2.1291957e+01   6.2331451e-01
   2.1308398e+01   6.2325906e-01
   2.1324840e+01   6.2320213e-01
   2.1341282e+01   6.2314347e-01
   2.1357723e+01   6.2308785e-01
   2.1374165e+01   6.2303172e-01
   2.1390607e+01   6.2297411e-01
   2.1407048e+01   6.2291746e-01
   2.1423490e+01   6.2286282e-01
   2.1439932e+01   6.2280800e-01
   2.1456373e+01   6.2275227e-01
   2.1472815e+01   6.2269443e-01
   2.1489257e+01   6.2264002e-01
   2.1505698e+01   6.2258558e-01
   2.1522140e+01   6.2253044e-01
   2.1538582e+01   6.2247533e-01
   2.1555023e+01   6.2241855e-01
   2.1571465e+01   6.2236372e-01
   2.1587907e+01   6.2230694e-01
   2.1604348e+01   6.2225429e-01
   2.1620790e+01   6.2219905e-01
   2.1637232e+01   6.2214346e-01
   2.1653673e+01   6.2208804e-01
   2.1670115e+01   6.2203625e-01
   2.1686557e+01   6.2198306e-01
   2.1702998e+01   6.2192821e-01
   2.1719440e+01   6.2187308e-01
   2.1735882e+01   6.2182193e-01
   2.1752323e+01   6.2176594e-01
   2.1768765e+01   6.2171400e-01
   2.1785207e+01   6.2165903e-01
   2.1801648e+01   6.2160787e-01
   2.1818090e+01   6.2155652e-01
   2.1834532e+01   6.2150475e-01
   2.1850973e+01   6.2144970e-01
   2.1867415e+01   6.2139721e-01
   2.1883857e+01   6.2134654e-01
   2.1900298e+01   6.2129436e-01
   2.1916740e+01   6.2124559e-01
   2.1933182e+01   6.2119403e-01
   2.1949623e+01   6.2114139e-01
   2.1966065e+01   6.2109115e-01
   2.1982507e+01   6.2103910e-01
   2.1998948e+01   6.2098631e-01
   2.2015390e+01   6.2093707e-01
   2.2031832e+01   6.2088484e-01
   2.2048273e+01   6.2083722e-01
   2.2064715e+01   6.2078397e-01
   2.2081157e+01   6.2073279e-01
   2.2097598e+01   6.2068307e-01
   2.2114040e+01   6.2063198e-01
   2.2130482e+01   6.2058348e-01
   2.2146923e+01   6.2053328e-01
   2.2163365e+01   6.2048525e-01
   2.2179807e+01   6.2043376e-01
   2.2196248e+01   6.2038128e-01
   2.2212690e+01   6.2033098e-01
   2.2229132e+01   6.2028210e-01
   2.2245573e+01   6.2023083e-01
   2.2262015e+01   6.2018396e-01
   2.2278457e+01   6.2013522e-01
   2.2294898e+01   6.2008602e-01
   2.2311340e+01   6.2003888e-01
   2.2327782e+01   6.1998733e-01
   2.2344223e+01   6.1993959e-01
   2.2360665e+01   6.1989011e-01
   2.2377107e+01   6.1983842e-01
   2.2393548e+01   6.1978838e-01
   2.2409990e+01   6.1974066e-01
   2.2426432e+01   6.1969236e-01
   2.2442873e+01   6.1964271e-01
   2.2459315e+01   6.1959109e-01
   2.2475757e+01   6.1954019e-01
   2.2492198e+01   6.1949011e-01
   2.2508640e+01   6.1943769e-01
   2.2525082e+01   6.1939092e-01
   2.2541523e+01   6.1934181e-01
   2.2557965e+01   6.1929454e-01
   2.2574407e+01   6.1924524e-01
   2.2590848e+01   6.1919441e-01
   2.2607290e+01   6.1914439e-01
   2.2623732e+01   6.1909780e-01
   2.2640173e+01   6.1904857e-01
   2.2656615e+01   6.1899839e-01
   2.2673057e+01   6.1894857e-01
   2.2689498e+01   6.1889859e-01
   2.2705940e+01   6.1884695e-01
   2.2722382e+01   6.1879472e-01
   2.2738823e+01   6.1874464e-01
   2.2755265e+01   6.1869494e-01
   2.2771707e+01   6.1864691e-01
   2.2788148e+01   6.1859795e-01
   2.2804590e+01   6.1854909e-01
   2.2821032e+01   6.1850219e-01
   2.2837473e+01   6.1844970e-01
   2.2853915e+01   6.1840139e-01
   2.2870357e+01   6.1835071e-01
   2.2886798e+01   6.1830329e-01
   2.2903240e+01   6.1825247e-01
   2.2919681e+01   6.1820862e-01
   2.2936123e+01   6.1816056e-01
   2.2952565e+01   6.1811247e-01
   2.2969006e+01   6.1806148e-01
   2.2985448e+01   6.1801338e-01
   2.3001890e+01   6.1796314e-01
   2.3018331e+01   6.1791518e-01
   2.3034773e+01   6.1786667e-01
   2.3051215e+01   6.1782069e-01
   2.3067656e+01   6.1777227e-01
   2.3084098e+01   6.1772332e-01
   2.3100540e+01   6.1767378e-01
   2.3116981e+01   6.1762474e-01
   2.3133423e+01   6.1757672e-01
   2.3149865e+01   6.1753061e-01
   2.3166306e+01   6.1748022e-01
   2.3182748e+01   6.1743150e-01
   2.3199190e+01   6.1738470e-01
   2.3215631e+01   6.1733757e-01
   2.3232073e+01   6.1728830e-01
   2.3248515e+01   6.1723914e-01
   2.3264956e+01   6.1719248e-01
   2.3281398e+01   6.1714360e-01
   2.3297840e+01   6.1709570e-01
   2.3314281e+01   6.1704825e-01
   2.3330723e+01   6.1700180e-01
   2.3347165e+01   6.1695458e-01
   2.3363606e+01   6.1690921e-01
   2.3380048e+01   6.1686225e-01
   2.3396490e+01   6.1681448e-01
   2.3412931e+01   6.1676818e-01
   2.3429373e+01   6.1671631e-01
   2.3445815e+01   6.1666871e-01
   2.3462256e+01   6.1662180e-01
   2.3478698e+01   6.1657649e-01
   2.3495140e+01   6.1652773e-01
   2.3511581e+01   6.1648113e-01
   2.3528023e+01   6.1643156e-01
   2.3544465e+01   6.1638784e-01
   2.3560906e+01   6.1634166e-01
   2.3577348e+01   6.1629716e-01
   2.3593790e+01   6.1625268e-01
   2.3610231e+01   6.1620749e-01
   2.3626673e+01   6.1615889e-01
   2.3643115e+01   6.1611199e-01
   2.3659556e+01   6.1606916e-01
   2.3675998e+01   6.1602244e-01
   2.3692440e+01   6.1597953e-01
   2.3708881e+01   6.1593310e-01
   2.3725323e+01   6.1588692e-01
   2.3741765e+01   6.1584062e-01
   2.3758206e+01   6.1579684e-01
   2.3774648e+01   6.1574595e-01
   2.3791090e+01   6.1570206e-01
   2.3807531e+01   6.1565656e-01
   2.3823973e+01   6.1561192e-01
   2.3840415e+01   6.1556680e-01
   2.3856856e+01   6.1552115e-01
   2.3873298e+01   6.1547623e-01
   2.3889740e+01   6.1543106e-01
   2.3906181e+01   6.1538558e-01
   2.3922623e+01   6.1534112e-01
   2.3939065e+01   6.1529761e-01
   2.3955506e+01   6.1525179e-01
   2.3971948e+01   6.1520837e-01
   2.3988390e+01   6.1516261e-01
   2.4004831e+01   6.1511856e-01
   2.4021273e+01   6.1507255e-01
   2.4037715e+01   6.1502843e-01
   2.4054156e+01   6.1498576e-01
   2.4070598e+01   6.1493701e-01
   2.4087040e+01   6.1489368e-01
   2.4103481e+01   6.1484835e-01
   2.4119923e+01   6.1480589e-01
   2.4136365e+01   6.1476180e-01
   2.4152806e+01   6.1471642e-01
   2.4169248e+01   6.1467063e-01
   2.4185690e+01   6.1462426e-01
   2.4202131e+01   6.1458101e-01
   2.4218573e+01   6.1453553e-01
   2.4235015e+01   6.1449022e-01
   2.4251456e+01   6.1444952e-01
   2.4267898e+01   6.1440235e-01
   2.4284340e+01   6.1435574e-01
   2.4300781e+01   6.1431519e-01
   2.4317223e+01   6.1427305e-01
   2.4333665e+01   6.1422497e-01
   2.4350106e+01   6.1418439e-01
   2.4366548e+01   6.1414262e-01
   2.4382990e+01   6.1409566e-01
   2.4399431e+01   6.1404884e-01
   2.4415873e+01   6.1400330e-01
   2.4432315e+01   6.1395877e-01
   2.4448756e+01   6.1391441e-01
   2.4465198e+01   6.1387165e-01
   2.4481640e+01   6.1383031e-01
   2.4498081e+01   6.1378875e-01
   2.4514523e+01   6.1374761e-01
   2.4530965e+01   6.1370158e-01
   2.4547406e+01   6.1365799e-01
   2.4563848e+01   6.1361346e-01
   2.4580290e+01   6.1357240e-01
   2.4596731e+01   6.1353034e-01
   2.4613173e+01   6.1348816e-01
   2.4629615e+01   6.1344314e-01
   2.4646056e+01   6.1340038e-01
   2.4662498e+01   6.1335627e-01
   2.4678940e+01   6.1331457e-01
   2.4695381e+01   6.1326979e-01
   2.4711823e+01   6.1322748e-01
   2.4728265e+01   6.1318660e-01
   2.4744706e+01   6.1314355e-01
   2.4761148e+01   6.1310066e-01
   2.4777590e+01   6.1305510e-01
   2.4794031e+01   6.1300983e-01
   2.4810473e+01   6.1296670e-01
   2.4826915e+01   6.1292648e-01
   2.4843356e+01   6.1288703e-01
   2.4859798e+01   6.1284315e-01
   2.4876240e+01   6.1280232e-01
   2.4892681e+01   6.1275974e-01
   2.4909123e+01   6.1271925e-01
   2.4925565e+01   6.1267801e-01
   2.4942006e+01   6.1263596e-01
   2.4958448e+01   6.1259074e-01
   2.4974890e+01   6.1254982e-01
   2.4991331e+01   6.1250690e-01
   2.5007773e+01   6.1246571e-01
   2.5024215e+01   6.1242230e-01
   2.5040656e+01   6.1238053e-01
   2.5057098e+01   6.1233901e-01
   2.5073540e+01   6.1229841e-01
   2.5089981e+01   6.1225746e-01
   2.5106423e+01   6.1221592e-01
   2.5122865e+01   6.1217131e-01
   2.5139306e+01   6.1212637e-01
   2.5155748e+01   6.1208529e-01
   2.5172190e+01   6.1204114e-01
   2.5188631e+01   6.1199719e-01
   2.5205073e+01   6.1195311e-01
   2.5221515e+01   6.1191163e-01
   2.5237956e+01   6.1186900e-01
   2.5254398e+01   6.1182731e-01
   2.5270840e+01   6.1178355e-01
   2.5287281e+01   6.1174436e-01
   2.5303723e+01   6.1170177e-01
   2.5320165e+01   6.1165796e-01
   2.5336606e+01   6.1161235e-01
   2.5353048e+01   6.1156935e-01
   2.5369490e+01   6.1152935e-01
   2.5385931e+01   6.1148863e-01
   2.5402373e+01   6.1145110e-01
   2.5418815e+01   6.1141110e-01
   2.5435256e+01   6.1136765e-01
   2.5451698e+01   6.1132624e-01
   2.5468140e+01   6.1128702e-01
   2.5484581e+01   6.1124515e-01
   2.5501023e+01   6.1120123e-01
   2.5517465e+01   6.1115962e-01
   2.5533906e+01   6.1111884e-01
   2.5550348e+01   6.1107892e-01
   2.5566790e+01   6.1103718e-01
   2.5583231e+01   6.1099326e-01
   2.5599673e+01   6.1094762e-01
   2.5616115e+01   6.1090413e-01
   2.5632556e+01   6.1086009e-01
   2.5648998e+01   6.1081652e-01
   2.5665440e+01   6.1077487e-01
   2.5681881e+01   6.1073159e-01
   2.5698323e+01   6.1068971e-01
   2.5714765e+01   6.1064716e-01
   2.5731206e+01   6.1060497e-01
   2.5747648e+01   6.1056492e-01
   2.5764090e+01   6.1052183e-01
   2.5780531e+01   6.1047881e-01
   2.5796973e+01   6.1043698e-01
   2.5813415e+01   6.1039703e-01
   2.5829856e+01   6.1035123e-01
   2.5846298e+01   6.1031239e-01
   2.5862740e+01   6.1026902e-01
   2.5879181e+01   6.1022546e-01
   2.5895623e+01   6.1018197e-01
   2.5912065e+01   6.1013703e-01
   2.5928506e+01   6.1009645e-01
   2.5944948e+01   6.1005458e-01
   2.5961390e+01   6.1001435e-01
   2.5977831e+01   6.0997102e-01
   2.5994273e+01   6.0992727e-01
   2.6010715e+01   6.0988920e-01
   2.6027156e+01   6.0984619e-01
   2.6043598e+01   6.0980109e-01
   2.6060040e+01   6.0976063e-01
   2.6076481e+01   6.0971841e-01
   2.6092923e+01   6.0967525e-01
   2.6109365e+01   6.0963546e-01
   2.6125806e+01   6.0959329e-01
   2.6142248e+01   6.0955356e-01
   2.6158690e+01   6.0951172e-01
   2.6175131e+01   6.0946882e-01
   2.6191573e+01   6.0942575e-01
   2.6208015e+01   6.0938492e-01
   2.6224456e+01   6.0934497e-01
   2.6240898e+01   6.0930071e-01
   2.6257340e+01   6.0926292e-01
   2.6273781e+01   6.0921999e-01
   2.6290223e+01   6.0917796e-01
   2.6306665e+01   6.0913881e-01
   2.6323106e+01   6.0909968e-01
   2.6339548e+01   6.0905753e-01
   2.6355990e+01   6.0901515e-01
   2.6372431e+01   6.0897496e-01
   2.6388873e+01   6.0893541e-01
   2.6405315e+01   6.0889390e-01
   2.6421756e+01   6.0885355e-01
   2.6438198e+01   6.0881253e-01
   2.6454640e+01   6.0877110e-01
   2.6471081e+01   6.0873094e-01
   2.6487523e+01   6.0869249e-01
   2.6503965e+01   6.0865327e-01
   2.6520406e+01   6.0861233e-01
   2.6536848e+01   6.0857326e-01
   2.6553290e+01   6.0853081e-01
   2.6569731e+01   6.0848808e-01
   2.6586173e+01   6.0844809e-01
   2.6602615e+01   6.0840794e-01
   2.6619056e+01   6.0836643e-01
   2.6635498e+01   6.0832561e-01
   2.6651940e+01   6.0828805e-01
   2.6668381e+01   6.0825189e-01
   2.6684823e+01   6.0821153e-01
   2.6701265e+01   6.0817134e-01
   2.6717706e+01   6.0813118e-01
   2.6734148e+01   6.0808984e-01
   2.6750590e+01   6.0805199e-01
   2.6767031e+01   6.0801267e-01
   2.6783473e+01   6.0797409e-01
   2.6799915e+01   6.0793344e-01
   2.6816356e+01   6.0789172e-01
   2.6832798e+01   6.0785536e-01
   2.6849240e+01   6.0781402e-01
   2.6865681e+01   6.0777188e-01
   2.6882123e+01   6.0773434e-01
   2.6898565e+01   6.0769451e-01
   2.6915006e+01   6.0765125e-01
   2.6931448e+01   6.0761413e-01
   2.6947890e+01   6.0757549e-01
   2.6964331e+01   6.0753416e-01
   2.6980773e+01   6.0749383e-01
   2.6997215e+01   6.0745378e-01
   2.7013656e+01   6.0741172e-01
   2.7030098e+01   6.0737401e-01
   2.7046540e+01   6.0733083e-01
   2.7062981e+01   6.0728951e-01
   2.7079423e+01   6.0725066e-01
   2.7095864e+01   6.0721102e-01
   2.7112306e+01   6.0717286e-01
   2.7128748e+01   6.0713359e-01
   2.7145189e+01   6.0708899e-01
   2.7161631e+01   6.0704868e-01
   2.7178073e+01   6.0700901e-01
   2.7194514e+01   6.0697029e-01
   2.7210956e+01   6.0693280e-01
   2.7227398e+01   6.0689587e-01
   2.7243839e+01   6.0685376e-01
   2.7260281e+01   6.0681475e-01
   2.7276723e+01   6.0677588e-01
   2.7293164e+01   6.0673502e-01
   2.7309606e+01   6.0669694e-01
   2.7326048e+01   6.0665844e-01
   2.7342489e+01   6.0662224e-01
   2.7358931e+01   6.0658132e-01
   2.7375373e+01   6.0654018e-01
   2.7391814e+01   6.0650018e-01
   2.7408256e+01   6.0646345e-01
   2.7424698e+01   6.0642211e-01
   2.7441139e+01   6.0638146e-01
   2.7457581e+01   6.0634035e-01
   2.7474023e+01   6.0630152e-01
   2.7490464e+01   6.0626293e-01
   2.7506906e+01   6.0622270e-01
   2.7523348e+01   6.0618371e-01
   2.7539789e+01   6.0614602e-01
   2.7556231e+01   6.0610992e-01
   2.7572673e+01   6.0606849e-01
   2.7589114e+01   6.0603089e-01
   2.7605556e+01   6.0599259e-01
   2.7621998e+01   6.0595256e-01
   2.7638439e+01   6.0591360e-01
   2.7654881e+01   6.0587476e-01
   2.7671323e+01   6.0583502e-01
   2.7687764e+01   6.0579406e-01
   2.7704206e+01   6.0575426e-01
   2.7720648e+01   6.0571541e-01
   2.7737089e+01   6.0567557e-01
   2.7753531e+01   6.0564169e-01
   2.7769973e+01   6.0560173e-01
   2.7786414e+01   6.0556183e-01
   2.7802856e+01   6.0552554e-01
   2.7819298e+01   6.0548541e-01
   2.7835739e+01   6.0544341e-01
   2.7852181e+01   6.0540592e-01
   2.7868623e+01   6.0536741e-01
   2.7885064e+01   6.0532895e-01
   2.7901506e+01   6.0529022e-01
   2.7917948e+01   6.0525320e-01
   2.7934389e+01   6.0521460e-01
   2.7950831e+01   6.0517975e-01
   2.7967273e+01   6.0514357e-01
   2.7983714e+01   6.0510541e-01
   2.8000156e+01   6.0506863e-01
   2.8016598e+01   6.0503214e-01
   2.8033039e+01   6.0499570e-01
   2.8049481e+01   6.0495783e-01
   2.8065923e+01   6.0492268e-01
   2.8082364e+01   6.0488632e-01
   2.8098806e+01   6.0484888e-01
   2.8115248e+01   6.0481580e-01
   2.8131689e+01   6.0477964e-01
   2.8148131e+01   6.0474562e-01
   2.8164573e+01   6.0471112e-01
   2.8181014e+01   6.0467359e-01
   2.8197456e+01   6.0464034e-01
   2.8213898e+01   6.0460500e-01
   2.8230339e+01   6.0456991e-01
   2.8246781e+01   6.0453634e-01
   2.8263223e+01   6.0449939e-01
   2.8279664e+01   6.0446302e-01
   2.8296106e+01   6.0442743e-01
   2.8312548e+01   6.0439084e-01
   2.8328989e+01   6.0435574e-01
   2.8345431e+01   6.0432153e-01
   2.8361873e+01   6.0428651e-01
   2.8378314e+01   6.0425315e-01
   2.8394756e+01   6.0421746e-01
   2.8411198e+01   6.0418017e-01
   2.8427639e+01   6.0414432e-01
   2.8444081e+01   6.0410788e-01
   2.8460523e+01   6.0407731e-01
   2.8476964e+01   6.0404214e-01
   2.8493406e+01   6.0400555e-01
   2.8509848e+01   6.0397240e-01
   2.8526289e+01   6.0394025e-01
   2.8542731e+01   6.0390316e-01
   2.8559173e+01   6.0386930e-01
   2.8575614e+01   6.0383211e-01
   2.8592056e+01   6.0379887e-01
   2.8608498e+01   6.0376472e-01
   2.8624939e+01   6.0373001e-01
   2.8641381e+01   6.0369695e-01
   2.8657823e+01   6.0366261e-01
   2.8674264e+01   6.0362901e-01
   2.8690706e+01   6.0359522e-01
   2.8707148e+01   6.0356070e-01
   2.8723589e+01   6.0352354e-01
   2.8740031e+01   6.0348934e-01
   2.8756473e+01   6.0345585e-01
   2.8772914e+01   6.0342482e-01
   2.8789356e+01   6.0339152e-01
   2.8805798e+01   6.0336066e-01
   2.8822239e+01   6.0332713e-01
   2.8838681e+01   6.0329014e-01
   2.8855123e+01   6.0325700e-01
   2.8871564e+01   6.0322724e-01
   2.8888006e+01   6.0319402e-01
   2.8904448e+01   6.0316045e-01
   2.8920889e+01   6.0312743e-01
   2.8937331e+01   6.0309562e-01
   2.8953773e+01   6.0305935e-01
   2.8970214e+01   6.0302798e-01
   2.8986656e+01   6.0299384e-01
   2.9003098e+01   6.0296052e-01
   2.9019539e+01   6.0292603e-01
   2.9035981e+01   6.0289141e-01
   2.9052423e+01   6.0285795e-01
   2.9068864e+01   6.0282311e-01
   2.9085306e+01   6.0279265e-01
   2.9101748e+01   6.0276041e-01
   2.9118189e+01   6.0272807e-01
   2.9134631e+01   6.0269657e-01
   2.9151073e+01   6.0266423e-01
   2.9167514e+01   6.0263491e-01
   2.9183956e+01   6.0260204e-01
   2.9200398e+01   6.0256790e-01
   2.9216839e+01   6.0253501e-01
   2.9233281e+01   6.0250089e-01
   2.9249723e+01   6.0247088e-01
   2.9266164e+01   6.0243872e-01
   2.9282606e+01   6.0240718e-01
   2.9299048e+01   6.0237738e-01
   2.9315489e+01   6.0234845e-01
   2.9331931e+01   6.0231298e-01
   2.9348373e+01   6.0228059e-01
   2.9364814e+01   6.0224792e-01
   2.9381256e+01   6.0221549e-01
   2.9397698e+01   6.0218397e-01
   2.9414139e+01   6.0215464e-01
   2.9430581e+01   6.0212214e-01
   2.9447023e+01   6.0209009e-01
   2.9463464e+01   6.0205883e-01
   2.9479906e+01   6.0202471e-01
   2.9496348e+01   6.0199419e-01
   2.9512789e+01   6.0195903e-01
   2.9529231e+01   6.0192833e-01
   2.9545673e+01   6.0189395e-01
   2.9562114e+01   6.0186036e-01
   2.9578556e+01   6.0182984e-01
   2.9594998e+01   6.0180001e-01
   2.9611439e+01   6.0176917e-01
   2.9627881e+01   6.0173784e-01
   2.9644323e+01   6.0170857e-01
   2.9660764e+01   6.0167903e-01
   2.9677206e+01   6.0164857e-01
   2.9693648e+01   6.0161813e-01
   2.9710089e+01   6.0158883e-01
   2.9726531e+01   6.0155786e-01
   2.9742973e+01   6.0152758e-01
   2.9759414e+01   6.0149632e-01
   2.9775856e+01   6.0146516e-01
   2.9792298e+01   6.0143416e-01
   2.9808739e+01   6.0140362e-01
   2.9825181e+01   6.0137373e-01
   2.9841623e+01   6.0134330e-01
   2.9858064e+01   6.0131725e-01
   2.9874506e+01   6.0128752e-01
   2.9890948e+01   6.0125902e-01
   2.9907389e+01   6.0122662e-01
   2.9923831e+01   6.0119565e-01
   2.9940273e+01   6.0116521e-01
   2.9956714e+01   6.0113212e-01
   2.9973156e+01   6.0110654e-01
   2.9989598e+01   6.0107632e-01
   3.0006039e+01   6.0104525e-01
   3.0022481e+01   6.0101556e-01
   3.0038923e+01   6.0098647e-01
   3.0055364e+01   6.0095829e-01
   3.0071806e+01   6.0093155e-01
   3.0088248e+01   6.0090523e-01
   3.0104689e+01   6.0087907e-01
   3.0121131e+01   6.0084926e-01
   3.0137573e+01   6.0081702e-01
   3.0154014e+01   6.0078802e-01
   3.0170456e+01   6.0075458e-01
   3.0186898e+01   6.0072532e-01
   3.0203339e+01   6.0069434e-01
   3.0219781e+01   6.0066387e-01
   3.0236223e+01   6.0063262e-01
   3.0252664e+01   6.0060329e-01
   3.0269106e+01   6.0057517e-01
   3.0285548e+01   6.0054525e-01
   3.0301989e+01   6.0051401e-01
   3.0318431e+01   6.0048193e-01
   3.0334873e+01   6.0045234e-01
   3.0351314e+01   6.0042082e-01
   3.0367756e+01   6.0039234e-01
   3.0384198e+01   6.0036611e-01
   3.0400639e+01   6.0034012e-01
   3.0417081e+01   6.0031035e-01
   3.0433523e+01   6.0027722e-01
   3.0449964e+01   6.0024612e-01
   3.0466406e+01   6.0021857e-01
   3.0482848e+01   6.0019331e-01
   3.0499289e+01   6.0016717e-01
   3.0515731e+01   6.0014068e-01
   3.0532173e+01   6.0011302e-01
   3.0548614e+01   6.0008442e-01
   3.0565056e+01   6.0005352e-01
   3.0581498e+01   6.0002346e-01
   3.0597939e+01   5.9999344e-01
   3.0614381e+01   5.9996484e-01
   3.0630823e+01   5.9993675e-01
   3.0647264e+01   5.9990505e-01
   3.0663706e+01   5.9987532e-01
   3.0680148e+01   5.9984644e-01
   3.0696589e+01   5.9981621e-01
   3.0713031e+01   5.9978579e-01
   3.0729473e+01   5.9975700e-01
   3.0745914e+01   5.9972819e-01
   3.0762356e+01   5.9969997e-01
   3.0778798e+01   5.9967077e-01
   3.0795239e+01   5.9964549e-01
   3.0811681e+01   5.9961505e-01
   3.0828123e+01   5.9958568e-01
   3.0844564e+01   5.9955665e-01
   3.0861006e+01   5.9952929e-01
   3.0877448e+01   5.9950189e-01
   3.0893889e+01   5.9947122e-01
   3.0910331e+01   5.9944573e-01
   3.0926773e+01   5.9941912e-01
   3.0943214e+01   5.9938987e-01
   3.0959656e+01   5.9936092e-01
   3.0976098e+01   5.9933364e-01
   3.0992539e+01   5.9930695e-01
   3.1008981e+01   5.9927703e-01
   3.1025423e+01   5.9925031e-01
   3.1041864e+01   5.9922164e-01
   3.1058306e+01   5.9919222e-01
   3.1074748e+01   5.9916774e-01
   3.1091189e+01   5.9914158e-01
   3.1107631e+01   5.9911228e-01
   3.1124073e+01   5.9908415e-01
   3.1140514e+01   5.9905771e-01
   3.1156956e+01   5.9902940e-01
   3.1173398e+01   5.9899916e-01
   3.1189839e+01   5.9897504e-01
   3.1206281e+01   5.9894613e-01
   3.1222723e+01   5.9891848e-01
